bedmap_bed.asc
ncols        119
nrows        142
xllcorner    -2035500.000000000000
yllcorner    839500.000000000000
cellsize     1000.000000000000
NODATA_value 32767
[rows 0 to 39 of 142, columns 0 to 89 of 119]
870 1153 1284 1345 1394 1441 1486 1522 1554 1581 1602 1608 1591 1566 1544 1533 1519 1496 1459 1392 1305 1223 1204 1207 1249 1299 1357 1415 1494 1611 1827 1514 1419 1378 1344 1316 1298 1302 1309 1311 1305 1283 1256 1230 1212 1205 1215 1236 1262 1287 1316 1344 1369 1383 1395 1410 1415 1436 1716 1568 1498 1362 1186 1131 1108 1112 1122 1127 1101 1058 1030 1048 1132 1423 1428 1231 1337 1411 1398 1383 1369 1364 1356 1258 1051 838 645 482 380 492
934 1278 1324 1366 1409 1453 1493 1525 1551 1578 1605 1617 1599 1574 1558 1556 1559 1552 1523 1434 1328 1241 1219 1214 1238 1295 1397 1411 1484 1652 1593 1494 1442 1407 1372 1339 1311 1302 1299 1296 1288 1268 1243 1222 1213 1217 1227 1240 1255 1271 1292 1317 1342 1358 1377 1393 1405 1401 1426 1420 1367 1292 1230 1198 1164 1131 1101 1089 1069 1046 1050 1071 1124 1221 1287 1352 1438 1456 1445 1430 1413 1402 1394 1317 1121 905 710 557 471 522
983 1314 1362 1403 1444 1488 1523 1547 1563 1583 1605 1614 1598 1582 1575 1583 1601 1620 1631 1490 1361 1264 1233 1225 1239 1350 1575 1519 1460 1514 1504 1481 1453 1421 1387 1351 1317 1296 1287 1283 1279 1261 1241 1232 1238 1251 1260 1268 1274 1281 1294 1313 1335 1354 1372 1389 1405 1405 1403 1382 1332 1315 1299 1280 1239 1184 1127 1081 1068 1084 1112 1136 1156 1236 1472 1483 1492 1498 1491 1474 1453 1439 1425 1321 1145 947 764 616 532 540
1036 1351 1401 1443 1483 1526 1557 1574 1581 1588 1600 1601 1594 1589 1592 1607 1633 1660 1636 1506 1373 1285 1253 1246 1254 1305 1415 1423 1427 1454 1466 1461 1440 1415 1386 1354 1319 1291 1281 1280 1279 1274 1270 1271 1282 1302 1311 1315 1312 1311 1315 1326 1342 1359 1377 1397 1419 1432 1436 1429 1408 1393 1401 1407 1355 1256 1168 1112 1107 1137 1210 1259 1238 1219 1276 1358 1477 1523 1525 1507 1481 1465 1430 1311 1149 972 797 644 526 453
1321 1329 1428 1468 1508 1550 1580 1597 1599 1600 1606 1607 1606 1607 1607 1613 1625 1628 1582 1473 1359 1304 1279 1274 1282 1302 1346 1377 1407 1430 1442 1436 1419 1400 1378 1350 1323 1300 1291 1293 1302 1308 1312 1320 1343 1364 1372 1370 1361 1354 1350 1351 1359 1370 1389 1413 1444 1475 1500 1520 1532 1540 1558 1624 1575 1318 1203 1166 1172 1200 1339 1493 1408 1283 1218 1270 1422 1525 1535 1512 1471 1432 1379 1273 1136 981 818 661 523 405
1337 1311 1429 1475 1515 1556 1590 1612 1617 1619 1621 1622 1623 1626 1621 1611 1601 1579 1521 1434 1355 1323 1305 1303 1309 1318 1340 1364 1388 1406 1416 1413 1404 1395 1382 1365 1344 1327 1319 1320 1333 1343 1354 1382 1410 1430 1438 1435 1424 1410 1394 1382 1379 1383 1400 1428 1467 1514 1564 1616 1657 1658 1631 1555 1415 1288 1210 1238 1273 1241 1296 1443 1531 1399 1281 1286 1421 1516 1528 1498 1445 1392 1328 1232 1114 979 833 689 558 458
968 1266 1417 1479 1519 1559 1596 1622 1638 1647 1644 1639 1639 1640 1630 1609 1576 1529 1469 1402 1352 1331 1320 1322 1328 1340 1353 1369 1386 1397 1406 1410 1409 1404 1396 1383 1369 1360 1354 1352 1364 1375 1415 1455 1485 1504 1515 1518 1506 1480 1445 1413 1394 1390 1402 1431 1475 1533 1605 1681 1747 1728 1662 1516 1346 1253 1247 1329 1530 1308 1254 1383 1527 1434 1391 1419 1515 1560 1540 1489 1426 1363 1289 1198 1094 977 850 724 611 532
938 1266 1427 1495 1534 1574 1610 1641 1664 1677 1665 1658 1658 1658 1648 1619 1561 1488 1426 1380 1363 1350 1345 1348 1359 1364 1371 1386 1401 1409 1413 1420 1423 1422 1417 1408 1396 1390 1385 1381 1387 1418 1496 1544 1571 1592 1610 1619 1607 1557 1493 1435 1397 1382 1389 1419 1466 1528 1600 1668 1710 1690 1617 1486 1339 1240 1273 1389 1572 1369 1326 1403 1523 1530 1607 1604 1647 1623 1555 1482 1410 1339 1263 1177 1083 981 872 763 666 598
933 1422 1452 1521 1558 1592 1627 1659 1684 1698 1676 1675 1681 1687 1684 1658 1580 1480 1419 1410 1402 1431 1437 1400 1393 1386 1388 1402 1419 1427 1429 1438 1446 1452 1452 1443 1431 1421 1414 1409 1420 1509 1624 1655 1662 1678 1700 1722 1718 1629 1524 1435 1376 1352 1359 1392 1442 1504 1570 1626 1654 1642 1588 1496 1395 1333 1355 1473 1619 1465 1506 1605 1588 1599 1625 1641 1638 1596 1529 1458 1388 1319 1246 1169 1086 996 901 807 723 659
949 1280 1480 1546 1579 1604 1631 1658 1671 1678 1677 1688 1701 1716 1731 1742 1648 1533 1502 1477 1482 1614 1810 1492 1434 1417 1417 1428 1439 1446 1451 1462 1476 1491 1498 1490 1472 1456 1442 1434 1454 1592 1760 1750 1730 1734 1758 1793 1863 1668 1523 1405 1327 1301 1315 1357 1413 1474 1535 1587 1618 1622 1598 1545 1488 1461 1500 1607 1659 1593 1599 1624 1626 1628 1634 1631 1586 1532 1474 1416 1358 1300 1236 1168 1096 1019 938 855 777 712
992 1299 1485 1553 1581 1598 1613 1632 1646 1658 1673 1694 1711 1728 1748 1768 1749 1676 1824 1596 1555 1680 1704 1542 1472 1447 1450 1466 1479 1483 1487 1502 1524 1541 1549 1538 1514 1490 1469 1455 1463 1587 1717 1744 1738 1738 1748 1758 1730 1608 1466 1337 1248 1233 1263 1317 1382 1445 1507 1563 1607 1632 1635 1617 1589 1575 1598 1650 1667 1643 1638 1641 1639 1640 1616 1548 1483 1435 1397 1361 1324 1282 1231 1175 1114 1049 978 905 833 766
992 1478 1475 1532 1553 1565 1581 1605 1629 1655 1681 1706 1724 1741 1754 1763 1782 1859 1891 1726 1630 1605 1599 1549 1506 1476 1489 1519 1540 1537 1542 1568 1601 1614 1604 1581 1551 1521 1497 1481 1478 1567 1661 1700 1705 1701 1693 1674 1623 1518 1385 1249 1141 1156 1211 1280 1352 1421 1487 1549 1605 1650 1681 1694 1689 1674 1670 1681 1676 1664 1657 1653 1651 1651 1520 1409 1343 1316 1307 1300 1289 1266 1231 1188 1140 1087 1028 963 895 829
907 1195 1377 1462 1499 1523 1549 1581 1617 1655 1695 1725 1748 1764 1766 1745 1698 1888 1965 1819 1713 1696 1717 1633 1554 1508 1539 1596 1651 1620 1633 1703 1753 1734 1669 1616 1577 1548 1526 1511 1506 1561 1623 1653 1656 1643 1620 1585 1527 1436 1317 1184 1071 1107 1175 1252 1329 1403 1473 1540 1605 1666 1724 1769 1786 1762 1730 1710 1690 1678 1671 1667 1665 1550 1369 1214 1169 1180 1211 1240 1257 1258 1242 1214 1179 1139 1091 1033 968 898
825 1093 1280 1390 1447 1487 1524 1561 1600 1645 1696 1742 1777 1802 1825 1853 1868 1979 2040 1927 1836 1827 1986 1740 1608 1545 1591 1697 1926 1736 1750 1896 1952 1982 1729 1644 1596 1567 1548 1539 1535 1564 1596 1612 1607 1586 1553 1512 1457 1380 1284 1184 1113 1124 1172 1238 1311 1383 1455 1524 1594 1670 1752 1830 1878 1835 1778 1731 1702 1689 1684 1680 1601 1419 1182 978 985 1050 1123 1188 1235 1261 1265 1255 1234 1206 1169 1118 1052 975
786 1037 1226 1351 1424 1471 1508 1541 1575 1620 1677 1741 1787 1823 1849 1882 1952 2031 2104 2106 2156 1884 1869 1752 1646 1587 1628 1732 1867 1780 1792 1902 1867 1795 1707 1648 1606 1576 1563 1559 1557 1566 1575 1574 1559 1532 1496 1456 1408 1346 1273 1204 1159 1158 1186 1234 1293 1357 1422 1490 1564 1650 1751 1850 1901 1863 1796 1739 1704 1689 1687 1686 1512 1300 1045 825 865 962 1064 1154 1226 1275 1300 1308 1305 1291 1264 1219 1152 1064
808 1042 1229 1358 1435 1477 1503 1520 1541 1578 1626 1680 1721 1747 1759 1766 1801 2043 2129 2203 2180 2019 2152 1828 1694 1631 1645 1696 1756 1741 1756 1787 1747 1700 1660 1631 1604 1580 1571 1572 1570 1561 1552 1537 1514 1484 1449 1413 1372 1325 1272 1223 1192 1190 1206 1239 1281 1328 1382 1443 1517 1608 1713 1819 1890 1860 1795 1740 1706 1690 1672 1581 1426 1226 1006 830 848 935 1040 1143 1232 1300 1345 1373 1390 1390 1375 1339 1269 1170
879 1100 1280 1403 1470 1499 1507 1507 1512 1535 1571 1611 1643 1663 1669 1662 1667 1871 2110 2234 2303 2125 2002 1883 1796 1719 1666 1673 1689 1692 1702 1704 1675 1643 1625 1605 1586 1576 1573 1574 1570 1548 1525 1499 1471 1441 1411 1380 1349 1312 1274 1240 1219 1215 1224 1244 1270 1302 1339 1388 1459 1545 1644 1740 1801 1799 1769 1740 1713 1692 1625 1516 1369 1201 1033 906 884 943 1041 1149 1248 1330 1396 1447 1484 1497 1494 1470 1396 1286
978 1188 1364 1478 1527 1531 1518 1504 1498 1509 1532 1560 1589 1616 1646 1689 1769 1935 2122 2233 2308 2326 2207 2091 1977 1845 1736 1679 1673 1683 1703 1706 1680 1643 1614 1602 1593 1594 1587 1576 1556 1524 1491 1460 1430 1402 1376 1352 1330 1305 1277 1255 1241 1236 1240 1250 1263 1275 1291 1324 1388 1474 1566 1652 1704 1718 1723 1734 1724 1653 1566 1456 1327 1192 1073 995 914 953 1049 1160 1266 1363 1448 1522 1578 1595 1597 1592 1511 1389
1076 1284 1464 1568 1595 1567 1531 1504 1493 1495 1509 1530 1559 1599 1657 1749 1887 2016 2115 2207 2279 2318 2320 2294 2179 2020 1848 1747 1723 1748 1788 1824 1791 1717 1678 1669 1657 1643 1618 1585 1544 1499 1457 1420 1391 1364 1342 1325 1310 1295 1279 1267 1261 1259 1261 1264 1264 1257 1247 1254 1319 1405 1495 1568 1610 1630 1646 1656 1638 1581 1500 1398 1285 1169 1060 962 873 943 1055 1176 1293 1403 1502 1588 1658 1659 1642 1628 1617 1446
1151 1359 1555 1648 1659 1590 1532 1497 1481 1479 1487 1503 1531 1579 1651 1757 1894 2014 2101 2177 2238 2285 2320 2332 2289 2183 2006 1870 1800 1831 1914 2127 2007 1881 1833 1800 1759 1711 1655 1598 1535 1474 1419 1377 1346 1323 1308 1297 1290 1284 1281 1280 1282 1286 1290 1292 1283 1260 1226 1200 1271 1354 1435 1494 1525 1548 1565 1573 1554 1506 1435 1347 1248 1146 1046 957 903 968 1081 1208 1333 1448 1547 1625 1671 1666 1645 1625 1569 1457
1148 1363 1543 1626 1623 1564 1506 1471 1453 1449 1454 1467 1495 1546 1624 1736 1875 2012 2085 2135 2182 2227 2270 2300 2305 2270 2133 2005 1923 1908 1984 2110 2120 2079 2030 1971 1887 1794 1699 1608 1521 1440 1371 1324 1295 1280 1273 1270 1270 1273 1280 1290 1302 1314 1327 1334 1326 1300 1268 1249 1281 1334 1393 1433 1459 1482 1497 1501 1482 1441 1381 1307 1222 1133 1046 970 928 1006 1125 1256 1384 1501 1595 1658 1683 1674 1647 1619 1562 1462
1096 1345 1527 1594 1573 1513 1462 1430 1412 1406 1409 1422 1448 1498 1575 1685 1821 1961 2020 2064 2108 2155 2203 2249 2282 2305 2224 2136 2062 2005 2026 2083 2187 2266 2219 2142 2017 1878 1741 1610 1493 1390 1309 1258 1235 1233 1241 1247 1253 1262 1279 1298 1319 1343 1369 1387 1388 1370 1341 1317 1315 1333 1359 1385 1410 1432 1446 1445 1427 1391 1340 1279 1210 1136 1065 1012 1016 1069 1183 1312 1443 1560 1652 1700 1701 1680 1648 1617 1568 1484
1066 1351 1554 1584 1528 1449 1406 1380 1360 1354 1356 1365 1388 1430 1499 1596 1711 1827 1904 1965 2023 2081 2139 2196 2250 2290 2282 2264 2243 2221 2220 2153 2274 2356 2312 2239 2117 1959 1782 1609 1454 1325 1229 1174 1167 1189 1217 1237 1245 1256 1283 1308 1333 1372 1415 1449 1467 1461 1433 1395 1360 1338 1329 1353 1384 1404 1413 1408 1387 1355 1313 1266 1212 1156 1106 1071 963 1087 1230 1364 1497 1621 1713 1749 1718 1684 1648 1613 1579 1549
1077 1384 1709 1584 1484 1376 1347 1330 1308 1304 1301 1302 1320 1358 1397 1481 1576 1686 1781 1864 1943 2018 2091 2161 2227 2278 2319 2359 2389 2426 2458 2381 2434 2465 2404 2315 2211 2040 1824 1607 1414 1254 1139 1078 1095 1154 1215 1250 1258 1262 1287 1317 1351 1402 1461 1517 1560 1572 1541 1484 1415 1349 1304 1345 1382 1399 1399 1387 1364 1333 1297 1258 1225 1197 1182 1177 1187 1223 1276 1394 1530 1663 1759 1753 1722 1687 1650 1613 1577 1534
1143 1381 1526 1515 1438 1350 1311 1300 1284 1270 1247 1237 1247 1279 1334 1413 1448 1567 1677 1779 1878 1971 2057 2140 2213 2264 2313 2358 2401 2450 2505 2528 2569 2549 2481 2381 2269 2115 1863 1607 1381 1196 1059 979 1043 1148 1248 1303 1301 1286 1291 1322 1366 1427 1501 1587 1669 1713 1675 1590 1490 1389 1304 1392 1418 1411 1395 1374 1347 1315 1281 1250 1238 1250 1280 1315 1341 1348 1370 1444 1554 1676 1769 1758 1725 1690 1653 1618 1583 1547
1231 1387 1442 1426 1383 1308 1270 1279 1274 1241 1200 1175 1179 1211 1266 1338 1422 1515 1616 1723 1831 1933 2026 2117 2200 2237 2276 2324 2376 2438 2509 2572 2614 2591 2520 2421 2307 2150 1884 1609 1372 1181 1047 941 1075 1216 1347 1417 1386 1330 1310 1330 1372 1437 1530 1646 1775 1873 1826 1715 1598 1508 1476 1561 1481 1422 1393 1369 1343 1310 1274 1246 1253 1303 1377 1453 1498 1467 1440 1474 1561 1667 1746 1761 1733 1694 1657 1622 1590 1559
1251 1380 1358 1330 1339 1257 1219 1279 1281 1225 1155 1110 1114 1157 1217 1286 1365 1460 1567 1678 1786 1884 1974 2065 2154 2176 2205 2253 2319 2399 2468 2529 2566 2554 2500 2418 2320 2156 1899 1631 1420 1270 1238 1237 1335 1420 1548 1614 1512 1389 1338 1344 1368 1427 1532 1673 1826 1949 1953 1813 1687 1586 1527 1508 1440 1398 1381 1375 1362 1328 1276 1237 1260 1336 1438 1539 1603 1523 1452 1458 1547 1653 1736 1769 1742 1697 1655 1617 1586 1559
1271 1336 1261 1231 1344 1223 1175 1325 1308 1214 1106 1042 1057 1115 1182 1249 1324 1416 1522 1631 1728 1809 1884 1960 2029 2067 2104 2155 2225 2311 2401 2450 2465 2455 2427 2394 2323 2238 1950 1706 1574 1540 1576 1637 1733 1787 1838 2139 1656 1468 1392 1380 1355 1389 1504 1662 1816 1921 1925 1842 1729 1616 1516 1430 1387 1361 1371 1393 1403 1362 1292 1229 1269 1346 1437 1509 1539 1482 1416 1395 1516 1638 1735 1785 1747 1697 1648 1605 1572 1547
1222 1273 1249 1245 1297 1274 1316 1407 1330 1196 1064 991 1030 1097 1162 1220 1287 1377 1479 1580 1662 1720 1772 1832 1894 1942 1988 2039 2104 2180 2254 2303 2322 2319 2311 2312 2329 2211 2187 1899 1838 1862 1933 2003 2076 2122 2135 2059 1895 1708 1535 1480 1344 1321 1459 1640 1795 1886 1901 1847 1745 1619 1494 1385 1345 1333 1367 1421 1459 1408 1336 1283 1295 1340 1394 1425 1435 1415 1397 1421 1521 1633 1726 1776 1747 1694 1642 1596 1561 1534
1161 1225 1247 1258 1274 1277 1303 1333 1273 1160 1050 1014 1047 1102 1152 1195 1254 1337 1434 1525 1591 1624 1656 1706 1763 1819 1867 1918 1974 2039 2103 2154 2178 2177 2163 2165 2199 2209 2213 2125 2075 2155 2159 2208 2246 2297 2319 2276 2138 2193 1835 1624 1381 1269 1443 1640 1789 1865 1891 1858 1757 1614 1464 1354 1305 1301 1348 1422 1475 1429 1366 1319 1308 1317 1328 1326 1326 1346 1383 1439 1533 1633 1722 1779 1746 1694 1642 1597 1562 1535
1122 1192 1231 1253 1252 1238 1233 1232 1198 1130 1061 1050 1077 1118 1152 1183 1232 1299 1380 1461 1511 1517 1531 1581 1648 1703 1750 1798 1847 1903 1969 2028 2060 2053 2006 1973 2050 2100 2142 2159 2141 2181 2207 2225 2265 2330 2392 2386 2263 2249 2066 1820 1568 1443 1512 1648 1781 1836 1893 1888 1777 1601 1406 1240 1234 1238 1300 1382 1436 1412 1367 1329 1306 1292 1276 1260 1264 1324 1394 1462 1545 1627 1699 1748 1746 1697 1647 1603 1569 1542
1088 1159 1213 1248 1224 1178 1142 1126 1127 1114 1087 1086 1104 1132 1154 1173 1205 1255 1317 1385 1416 1400 1402 1464 1548 1605 1642 1687 1722 1775 1854 1935 1985 1979 1884 1777 1858 1923 1971 2005 2024 2060 2091 2123 2170 2257 2400 2430 2234 2238 2203 1954 1710 1576 1572 1632 1706 1766 1902 1949 1813 1596 1360 1156 1159 1169 1241 1325 1379 1375 1349 1320 1297 1279 1265 1272 1303 1367 1434 1496 1556 1617 1672 1710 1718 1698 1656 1612 1575 1546
1089 1150 1213 1258 1205 1124 1061 1038 1070 1095 1104 1112 1121 1134 1143 1153 1167 1198 1244 1291 1303 1276 1275 1359 1462 1525 1553 1582 1602 1646 1752 1870 1955 1985 1896 1772 1750 1756 1767 1786 1816 1866 1920 1971 2006 2067 2284 2408 2242 2177 2092 1903 1716 1607 1583 1606 1642 1682 2123 2024 1839 1586 1331 1116 1114 1129 1200 1276 1325 1333 1320 1301 1285 1274 1273 1300 1353 1419 1477 1524 1564 1605 1644 1677 1693 1692 1672 1632 1596 1567
1163 1208 1249 1281 1207 1117 1073 1057 1074 1103 1126 1137 1136 1127 1117 1111 1111 1128 1162 1194 1200 1182 1190 1280 1381 1434 1456 1477 1504 1569 1688 1817 1911 1929 1869 1744 1658 1599 1561 1551 1583 1662 1754 1848 1873 1831 2102 2356 2134 2029 1904 1748 1621 1554 1546 1580 1633 1676 1816 1879 1763 1541 1296 1149 1117 1132 1189 1246 1284 1294 1288 1277 1267 1263 1269 1301 1360 1435 1493 1532 1561 1586 1617 1648 1674 1690 1695 1660 1628 1600
1260 1288 1293 1285 1228 1164 1126 1109 1113 1136 1161 1167 1151 1117 1078 1051 1039 1049 1079 1111 1128 1131 1150 1221 1290 1321 1336 1362 1410 1497 1625 1758 1853 1868 1791 1679 1565 1459 1369 1329 1358 1480 1617 1813 1939 1975 2136 2135 2014 1861 1698 1550 1466 1445 1466 1528 1620 1631 1750 1790 1659 1474 1297 1189 1152 1161 1197 1236 1258 1261 1254 1246 1241 1243 1246 1265 1317 1397 1464 1508 1535 1558 1588 1621 1655 1682 1699 1692 1662 1635
1357 1357 1327 1296 1253 1211 1181 1164 1164 1181 1205 1210 1171 1108 1033 979 954 958 997 1042 1079 1103 1129 1172 1198 1200 1213 1260 1340 1449 1574 1694 1775 1781 1709 1602 1489 1382 1288 1253 1324 1363 1506 1739 1907 2045 2207 2084 1899 1702 1501 1338 1284 1308 1349 1406 1472 1571 1663 1672 1548 1395 1271 1204 1180 1189 1213 1238 1250 1248 1238 1228 1218 1212 1216 1224 1255 1337 1413 1465 1496 1521 1553 1593 1634 1671 1696 1701 1687 1665
1434 1400 1348 1306 1276 1248 1223 1206 1204 1221 1248 1261 1193 1095 992 912 869 864 925 998 1056 1093 1115 1127 1122 1099 1108 1175 1284 1407 1520 1616 1673 1668 1604 1518 1432 1356 1278 1274 1352 1430 1508 1619 1795 1933 2017 1928 1760 1563 1363 1199 1124 1187 1244 1307 1354 1480 1537 1501 1420 1286 1213 1189 1194 1210 1230 1246 1252 1244 1233 1221 1210 1201 1194 1192 1208 1284 1357 1412 1449 1481 1517 1564 1615 1661 1694 1709 1705 1688
1454 1396 1353 1329 1303 1280 1250 1229 1225 1237 1255 1256 1186 1085 978 884 816 794 890 992 1066 1107 1118 1109 1092 1075 1082 1130 1241 1361 1455 1521 1551 1535 1486 1429 1391 1388 1356 1380 1450 1487 1490 1561 1680 1779 1818 1756 1621 1442 1247 1086 1101 1122 1224 1319 1440 1481 1443 1344 1242 1140 1143 1174 1206 1233 1253 1263 1257 1243 1227 1213 1200 1189 1181 1178 1193 1242 1300 1355 1402 1444 1487 1541 1600 1654 1695 1719 1723 1712
1411 1344 1344 1363 1351 1315 1269 1237 1228 1237 1245 1234 1178 1094 999 909 847 845 931 1036 1115 1150 1148 1123 1101 1086 1094 1135 1215 1306 1381 1426 1435 1408 1366 1330 1336 1372 1387 1419 1453 1455 1445 1489 1564 1635 1654 1607 1501 1344 1219 1075 993 1033 1171 1279 1371 1386 1315 1203 1098 1041 1119 1190 1235 1266 1284 1279 1261 1240 1217 1198 1184 1172 1164 1162 1172 1197 1243 1302 1360 1414 1467 1526 1592 1654 1701 1731 1742 1736
1309 1261 1338 1411 1405 1345 1277 1233 1221 1227 1237 1231 1196 1128 1041 955 900 914 1004 1115 1193 1221 1207 1174 1140 1115 1114 1142 1198 1263 1317 1348 1349 1321 1277 1235 1263 1311 1327 1336 1360 1356 1348 1394 1467 1520 1529 1494 1427 1319 1176 1033 944 983 1095 1205 1291 1300 1233 1135 1075 1110 1202 1256 1280 1306 1318 1290 1257 1226 1199 1176 1160 1150 1144 1144 1153 1173 1207 1267 1331 1393 1458 1525 1596 1662 1713 1745 1758 1755
