bedmap_bed.asc
ncols        119
nrows        142
xllcorner    -2035500.000000000000
yllcorner    839500.000000000000
cellsize     1000.000000000000
NODATA_value 32767
[rows 40 to 79 of 142, columns 0 to 89 of 119]
1235 1235 1358 1465 1438 1346 1256 1207 1195 1205 1223 1234 1222 1163 1079 987 927 957 1065 1192 1279 1294 1268 1223 1175 1133 1122 1141 1185 1236 1275 1296 1294 1271 1238 1216 1232 1259 1263 1246 1289 1267 1242 1310 1399 1450 1444 1415 1380 1313 1197 1076 1001 1007 1067 1141 1204 1218 1181 1129 1145 1217 1299 1307 1297 1318 1308 1274 1233 1200 1169 1145 1127 1117 1115 1121 1135 1162 1205 1260 1319 1385 1457 1534 1608 1677 1730 1760 1772 1765
1126 1219 1360 1466 1398 1284 1186 1146 1140 1159 1190 1221 1235 1176 1086 989 920 968 1094 1232 1324 1332 1299 1241 1176 1122 1107 1128 1172 1221 1252 1262 1257 1239 1220 1213 1225 1245 1256 1271 1319 1238 1167 1272 1379 1411 1372 1338 1343 1328 1239 1142 1073 1048 1055 1083 1121 1148 1153 1155 1194 1253 1274 1247 1260 1275 1266 1236 1197 1160 1128 1103 1086 1076 1076 1086 1108 1145 1196 1254 1312 1380 1459 1543 1625 1699 1752 1781 1788 1779
1037 1180 1287 1326 1257 1152 1071 1056 1066 1091 1129 1174 1204 1143 1053 969 910 976 1102 1232 1322 1337 1307 1244 1168 1097 1079 1104 1161 1216 1241 1236 1222 1210 1207 1213 1226 1243 1253 1263 1277 1243 1231 1312 1397 1370 1289 1236 1280 1324 1258 1182 1121 1072 1041 1025 1048 1081 1109 1139 1180 1217 1232 1223 1229 1232 1219 1190 1151 1110 1070 1038 1031 1030 1033 1044 1070 1111 1172 1228 1291 1369 1458 1554 1647 1728 1787 1811 1810 1796
975 1125 1158 1149 1076 990 934 954 990 1020 1054 1091 1107 1046 969 923 919 993 1105 1218 1305 1341 1323 1261 1185 1110 1059 1081 1150 1215 1231 1211 1190 1183 1198 1215 1227 1239 1243 1241 1240 1234 1250 1302 1345 1295 1198 1125 1199 1275 1235 1179 1128 1076 1032 1009 1016 1041 1072 1105 1142 1173 1192 1196 1199 1197 1178 1144 1102 1057 1004 960 973 980 985 995 1015 1050 1102 1167 1248 1345 1452 1564 1673 1769 1836 1850 1837 1817
889 992 1015 984 919 857 822 873 925 961 983 996 982 912 848 855 920 1019 1114 1203 1295 1358 1347 1289 1216 1144 1090 1088 1127 1172 1188 1179 1165 1169 1207 1229 1231 1230 1225 1215 1207 1208 1228 1258 1272 1234 1171 1131 1168 1209 1195 1160 1123 1067 1018 989 987 1006 1035 1069 1105 1137 1159 1172 1178 1174 1150 1104 1054 1005 930 882 921 930 935 941 953 974 1011 1088 1193 1315 1443 1574 1697 1809 1895 1886 1860 1836
880 921 929 900 859 830 815 859 898 918 919 904 865 787 735 812 935 1078 1137 1160 1285 1370 1369 1316 1246 1173 1115 1091 1103 1128 1150 1165 1182 1213 1253 1264 1242 1216 1200 1185 1175 1172 1185 1205 1213 1195 1162 1141 1154 1169 1162 1142 1110 1056 1003 967 954 966 994 1030 1070 1105 1134 1157 1170 1167 1137 1070 1006 941 875 846 878 875 881 891 900 909 928 1016 1143 1285 1428 1577 1708 1824 1913 1907 1881 1856
915 946 961 962 953 941 920 916 909 891 864 831 786 723 712 828 978 1176 1182 1099 1239 1361 1377 1338 1268 1188 1119 1079 1072 1089 1114 1147 1191 1250 1302 1300 1242 1194 1169 1155 1143 1131 1135 1154 1169 1168 1155 1144 1145 1149 1145 1134 1099 1042 983 935 911 917 947 989 1034 1076 1114 1147 1175 1185 1168 1085 1000 917 843 794 785 794 822 852 874 886 897 988 1115 1262 1410 1574 1699 1805 1884 1909 1902 1876
932 1013 1069 1102 1114 1101 1053 991 930 869 815 775 748 722 757 877 1022 1257 1196 1167 1278 1376 1391 1365 1287 1185 1095 1041 1028 1043 1076 1121 1181 1256 1319 1306 1229 1173 1150 1134 1122 1093 1086 1111 1137 1150 1148 1142 1141 1142 1143 1132 1093 1030 960 898 857 862 899 949 1002 1052 1097 1139 1183 1209 1233 1140 1047 946 831 724 663 702 773 838 890 929 961 1024 1121 1248 1389 1563 1675 1770 1848 1900 1921 1894
982 1115 1203 1253 1266 1231 1142 1031 926 833 759 714 717 737 794 903 1026 1170 1169 1183 1312 1398 1396 1401 1301 1162 1042 971 961 988 1034 1088 1148 1207 1244 1229 1174 1140 1151 1156 1130 1072 1050 1087 1121 1138 1141 1138 1139 1144 1151 1137 1095 1026 948 875 819 821 866 924 980 1032 1080 1124 1168 1198 1215 1154 1074 965 823 670 556 646 758 858 942 1018 1078 1110 1146 1233 1356 1536 1630 1717 1800 1875 1926 1906
1086 1228 1330 1375 1361 1289 1170 1035 903 786 688 631 669 727 794 887 995 1074 1110 1152 1240 1302 1329 1425 1291 1107 950 867 872 926 994 1059 1115 1152 1165 1149 1109 1096 1155 1180 1157 1106 1083 1098 1121 1132 1132 1130 1134 1148 1157 1138 1093 1031 965 906 866 862 888 929 973 1017 1057 1095 1128 1149 1157 1122 1062 967 840 709 632 693 797 904 1013 1121 1207 1204 1162 1198 1309 1460 1551 1633 1720 1814 1888 1914
1177 1325 1420 1441 1388 1286 1155 1015 877 745 626 540 613 690 758 834 913 978 1028 1082 1151 1214 1269 1330 1204 999 814 723 770 871 968 1048 1112 1152 1141 1135 1110 1109 1184 1208 1181 1138 1110 1104 1107 1109 1109 1110 1120 1138 1145 1127 1088 1040 989 946 917 910 921 946 974 1004 1032 1057 1078 1089 1087 1065 1024 956 864 777 737 779 858 955 1068 1190 1299 1249 1162 1168 1273 1365 1429 1511 1600 1713 1812 1918
1229 1363 1436 1432 1354 1241 1114 984 853 728 622 560 601 656 705 762 822 880 932 988 1048 1105 1146 1153 1047 864 678 581 693 844 963 1052 1140 1220 1243 1256 1147 1168 1202 1207 1182 1148 1121 1107 1102 1099 1095 1099 1113 1131 1134 1117 1086 1046 1007 975 954 945 948 959 976 993 1009 1023 1031 1031 1022 1000 974 934 880 836 827 861 915 989 1079 1172 1238 1218 1176 1216 1302 1334 1298 1356 1433 1529 1664 1759
1222 1315 1360 1346 1269 1167 1057 946 832 725 639 598 610 631 651 685 732 780 831 886 937 986 1017 1011 938 814 696 652 740 874 974 1040 1138 1263 1258 1361 1276 1228 1218 1198 1166 1138 1118 1108 1101 1096 1094 1101 1118 1130 1126 1109 1084 1051 1017 991 975 966 963 967 975 985 992 995 992 983 967 948 925 902 884 870 884 922 952 1000 1062 1128 1172 1181 1197 1262 1335 1283 1168 1191 1289 1404 1513 1587
1154 1197 1227 1220 1159 1077 990 903 815 731 668 644 637 621 606 611 642 682 728 779 829 876 911 918 882 814 751 738 792 877 950 963 1046 1176 1249 1330 1324 1283 1238 1185 1141 1114 1107 1107 1105 1102 1102 1113 1128 1132 1124 1107 1083 1055 1025 999 985 979 973 972 973 975 977 973 966 951 931 911 891 876 869 875 898 932 952 986 1033 1083 1120 1142 1175 1225 1251 1194 1139 1059 1191 1335 1443 1485
1063 1066 1086 1087 1039 976 915 856 801 750 713 711 695 647 588 535 550 585 626 676 727 782 830 862 866 843 815 809 828 847 841 822 943 1100 1215 1297 1352 1320 1245 1162 1101 1082 1093 1109 1114 1113 1118 1134 1143 1139 1126 1109 1086 1060 1033 1009 994 984 979 975 971 969 965 958 947 930 909 885 867 854 852 857 879 903 921 954 997 1040 1075 1102 1130 1162 1168 1128 1091 1086 1186 1335 1437 1457
984 951 962 963 917 870 833 805 787 779 781 811 796 722 625 469 471 501 531 570 625 695 767 832 878 895 889 878 869 845 774 687 867 1043 1179 1264 1387 1342 1234 1116 1035 1035 1076 1114 1127 1128 1140 1158 1163 1153 1136 1116 1092 1065 1039 1016 1000 990 980 973 968 963 957 947 933 915 893 870 850 838 836 844 850 860 878 918 962 1003 1035 1061 1082 1105 1112 1098 1096 1145 1237 1386 1467 1465
943 881 859 833 784 753 742 747 766 803 858 926 934 845 717 457 444 462 457 465 519 608 715 825 920 974 982 960 935 915 854 813 904 1045 1169 1272 1373 1318 1185 1034 924 974 1068 1136 1148 1150 1163 1181 1183 1172 1153 1130 1103 1073 1042 1016 997 985 977 970 965 958 950 940 926 907 884 860 840 825 826 838 836 833 837 886 937 975 1004 1025 1042 1060 1074 1082 1101 1155 1237 1324 1388 1404
890 793 730 681 638 625 640 674 727 802 902 1011 1058 968 827 662 523 485 404 356 408 524 676 842 991 1085 1098 1053 1006 999 972 972 1017 1094 1170 1235 1270 1208 1073 906 776 919 1089 1194 1180 1167 1181 1199 1204 1195 1177 1151 1119 1081 1043 1010 986 972 965 962 958 951 944 935 921 903 880 856 832 815 807 814 821 825 828 868 918 955 977 992 1006 1021 1041 1063 1096 1146 1215 1281 1327 1332
789 656 561 504 475 488 530 589 662 753 861 968 1032 994 883 842 607 483 354 245 307 454 656 877 1084 1220 1219 1140 1085 1070 1077 1120 1127 1148 1172 1190 1178 1111 993 867 815 948 1131 1267 1189 1162 1181 1210 1225 1221 1206 1179 1138 1090 1039 996 966 950 944 945 946 944 941 935 923 905 881 854 828 805 791 789 795 810 827 861 906 930 944 957 969 985 1006 1034 1071 1118 1172 1221 1252 1254
641 478 367 313 308 346 419 500 585 677 772 856 912 910 849 745 640 504 374 267 284 425 656 906 1153 1314 1238 1167 1124 1118 1140 1196 1196 1184 1168 1148 1111 1041 935 826 787 884 1035 1152 1101 1131 1168 1219 1252 1251 1238 1214 1164 1096 1027 970 933 917 916 922 932 937 940 938 929 911 886 858 826 800 778 769 771 786 816 858 899 896 894 906 922 942 966 997 1034 1077 1120 1157 1180 1183
471 286 169 135 162 221 323 418 507 590 667 726 767 778 755 701 633 542 449 372 380 490 685 905 1126 1205 1178 1144 1136 1166 1239 1271 1248 1204 1157 1112 1066 1002 892 764 687 759 891 1020 1101 1213 1173 1233 1289 1280 1272 1258 1195 1097 997 924 884 873 882 899 918 933 943 945 937 920 896 863 827 794 766 748 742 751 776 812 844 832 823 832 857 888 920 954 991 1030 1069 1099 1119 1125
223 116 12 20 90 169 277 363 440 508 564 603 626 638 641 635 623 597 551 499 497 588 738 894 1016 1073 1094 1102 1134 1206 1383 1356 1288 1211 1137 1075 1036 1000 881 713 558 626 752 892 1018 1124 1152 1224 1320 1291 1305 1316 1229 1082 942 849 811 815 842 876 908 933 949 956 951 936 910 871 828 786 749 718 699 690 694 706 723 728 733 749 779 820 863 903 944 983 1019 1049 1070 1080
20 -9 -52 36 142 224 294 345 393 439 475 496 499 503 524 566 619 660 686 637 608 687 813 926 1015 1074 1075 1091 1147 1236 1352 1361 1294 1202 1109 1031 1004 1027 913 747 574 569 654 783 913 1012 1069 1130 1218 1283 1362 1378 1240 1031 844 734 713 748 803 859 907 942 965 976 974 958 927 882 829 776 726 682 644 614 590 575 575 593 621 659 700 748 798 849 895 936 973 1005 1030 1043
-119 -98 -52 86 222 308 337 350 368 388 404 405 389 377 413 498 609 715 853 791 705 779 884 977 1050 1099 1122 1161 1184 1270 1343 1373 1301 1203 1099 994 948 982 919 782 625 547 588 699 820 918 983 1030 1130 1209 1262 1248 1124 911 699 586 602 684 778 857 919 963 993 1008 1006 986 948 893 829 765 702 643 588 535 484 444 427 450 499 558 619 677 735 793 845 891 932 967 995 1015
-247 -158 -45 128 280 370 376 365 362 362 360 345 315 284 319 437 593 746 863 961 878 899 965 1040 1100 1138 1157 1178 1206 1350 1411 1439 1331 1245 1165 1102 1071 1062 992 856 694 572 547 633 748 857 947 1020 1084 1125 1136 1094 974 787 583 458 526 660 785 881 952 999 1033 1054 1053 1028 978 910 833 754 678 606 537 464 393 327 290 319 385 463 540 612 679 741 801 851 895 934 967 994
-247 -89 22 182 318 391 397 384 371 360 347 325 290 255 266 398 575 748 886 948 958 988 1037 1109 1164 1192 1203 1223 1274 1374 1357 1466 1358 1343 1293 1248 1242 1217 1125 965 777 610 517 589 700 817 933 1041 1047 1041 1018 962 863 727 595 533 594 716 843 937 1005 1044 1081 1115 1120 1088 1022 934 836 741 653 574 500 420 324 247 188 225 300 387 472 551 624 694 760 817 865 907 945 978
-113 27 134 270 374 419 428 420 402 380 362 341 312 283 287 412 585 757 897 973 1006 1064 1095 1196 1252 1259 1254 1281 1391 1477 1399 1398 1335 1297 1242 1322 1398 1393 1287 1094 877 693 574 600 684 779 871 945 956 940 908 857 784 702 636 627 698 817 940 1021 1066 1077 1122 1186 1207 1167 1079 961 836 721 627 550 484 413 327 232 185 204 264 340 418 497 573 645 716 784 839 884 927 967
115 175 284 403 486 517 513 495 459 417 395 380 367 359 387 491 646 816 961 1043 1098 1159 1130 1296 1341 1312 1275 1320 1315 1324 1294 1293 1276 1281 1304 1392 1485 1522 1415 1192 966 805 704 663 703 752 803 845 854 838 808 768 722 681 664 697 795 936 1075 1167 1111 1042 1131 1255 1302 1256 1141 987 826 689 595 535 490 441 373 296 239 234 264 315 380 451 527 600 673 745 812 864 911 957
168 281 450 568 654 685 667 616 542 470 441 434 437 450 500 601 745 911 1054 1131 1178 1246 1202 1346 1391 1316 1202 1168 1120 1100 1121 1172 1192 1258 1339 1406 1448 1451 1368 1175 979 882 849 797 755 731 737 757 761 743 714 684 661 652 664 727 850 1022 1188 1296 1188 1097 1150 1287 1367 1318 1186 993 789 628 547 525 518 496 446 377 313 277 274 300 349 413 485 559 631 702 772 837 893 946
278 395 589 751 844 880 853 780 675 570 515 504 518 549 613 715 848 1002 1132 1186 1216 1269 1310 1378 1328 1266 1188 1056 999 942 938 1053 1088 1219 1346 1377 1346 1294 1179 1008 877 898 971 888 775 676 656 677 682 658 624 599 592 612 637 717 852 1018 1165 1240 1185 1124 1129 1172 1260 1278 1165 954 713 528 483 521 570 585 547 470 381 311 276 279 319 379 449 521 593 663 732 800 866 928
578 638 751 963 1015 1047 1016 935 818 696 609 597 615 653 718 812 932 1066 1170 1195 1198 1212 1229 1263 1273 1275 1226 1080 929 792 708 874 1019 1193 1284 1304 1220 1138 994 843 823 945 995 869 687 548 546 612 624 586 536 510 513 571 602 707 867 1018 1129 1178 1158 1112 1073 1048 1102 1100 1001 823 601 408 428 548 666 718 682 575 444 327 258 245 285 350 420 489 558 628 695 763 831 900
906 934 994 1106 1194 1215 1127 1053 945 824 730 700 712 746 802 882 984 1095 1166 1165 1136 1109 1064 1086 1175 1285 1325 1173 1000 862 807 913 1068 1241 1233 1227 1183 1052 866 741 862 1033 1042 849 579 376 419 577 600 532 452 426 417 514 614 757 920 1051 1119 1139 1130 1104 1058 1000 990 937 833 698 554 445 459 644 819 902 850 691 494 319 219 195 253 333 407 471 534 597 658 722 791 866
1152 1184 1206 1244 1252 1232 1184 1132 1048 945 852 799 798 819 860 921 1003 1086 1125 1097 1040 978 841 852 1015 1198 1330 1229 1086 978 939 994 1095 1188 1189 1164 1107 991 833 705 882 1001 957 781 524 352 395 555 607 513 392 388 387 461 632 827 1007 1122 1132 1112 1111 1114 1085 1013 929 811 692 604 548 544 625 802 990 1100 1024 802 537 298 173 142 240 340 411 465 520 575 625 680 741 811
1249 1303 1340 1352 1292 1221 1197 1185 1142 1064 975 907 879 878 896 935 994 1050 1060 1016 939 847 648 614 877 1139 1272 1231 1139 1065 1038 1062 1112 1152 1146 1110 1044 944 834 763 825 865 811 668 451 277 246 494 679 597 429 382 405 503 696 919 1119 1220 1146 1071 1095 1143 1137 1034 887 714 574 530 554 641 776 935 1079 1148 1076 873 598 324 175 178 284 385 434 467 514 565 602 638 683 742
1293 1372 1406 1378 1283 1162 1173 1234 1242 1177 1087 1006 948 920 917 933 967 1000 996 949 867 763 605 551 835 1138 1258 1218 1154 1111 1098 1106 1123 1130 1114 1072 1006 922 838 770 753 736 682 587 466 385 418 610 745 676 515 411 424 559 780 1013 1204 1246 1115 1003 1086 1189 1199 1047 858 679 536 482 559 727 909 1040 1136 1161 1058 897 670 394 191 216 337 440 458 462 513 568 583 596 621 665
1302 1396 1418 1350 1228 1092 1144 1269 1323 1257 1161 1071 990 942 919 917 933 950 944 910 853 784 701 698 878 1157 1247 1158 1116 1111 1122 1130 1128 1114 1090 1051 990 914 827 738 671 621 576 534 505 514 587 715 792 737 597 463 403 563 806 1061 1260 1229 1102 1072 1167 1211 1141 964 766 604 499 434 564 810 1039 1116 1163 1160 1020 911 779 545 329 248 287 396 454 451 527 595 567 549 548 578
1276 1333 1351 1305 1223 1152 1195 1292 1336 1268 1169 1073 991 938 904 889 889 896 897 887 870 851 835 843 882 1042 1076 993 1028 1083 1131 1143 1130 1097 1072 1045 997 921 810 686 581 507 473 487 540 625 735 844 895 841 710 571 500 595 804 1022 1172 1181 1044 1101 1252 1226 1063 846 646 533 500 486 638 900 1119 1118 1111 1017 880 902 891 684 418 217 164 319 473 554 604 619 558 492 459 474
1241 1274 1288 1267 1224 1194 1221 1276 1286 1225 1127 1030 963 913 876 851 837 836 849 867 892 924 986 1042 1038 1044 993 903 984 1077 1155 1156 1127 1063 1047 1053 1026 936 789 626 481 380 353 424 560 720 876 1000 1054 992 846 680 566 587 775 958 1066 1092 1020 1102 1230 1139 929 704 551 543 547 564 742 982 1149 1064 1020 972 930 971 975 737 421 135 -32 149 356 525 626 629 524 404 343 369
1207 1233 1248 1243 1223 1210 1222 1239 1226 1166 1078 991 931 882 840 806 781 777 802 843 901 977 1099 1221 1190 1108 1022 961 1012 1110 1188 1147 1097 977 994 1070 1078 960 770 565 380 243 207 347 571 805 1011 1165 1247 1166 986 783 607 538 706 874 979 1022 1020 1070 1115 1036 836 654 562 579 622 671 828 1028 1145 1006 955 970 985 1030 1021 774 462 186 33 104 244 422 554 563 433 264 191 261
1187 1216 1237 1240 1228 1216 1211 1203 1175 1118 1044 971 911 857 807 761 727 727 761 814 886 982 1086 1258 1221 1129 1040 987 1001 1051 1083 1040 951 807 907 1078 1122 971 750 521 313 142 75 287 584 867 1106 1279 1410 1288 1090 892 733 666 741 849 935 983 1004 1026 1023 946 796 648 598 659 765 867 966 1049 1076 1010 980 1021 1039 1072 1039 791 498 239 70 21 67 245 393 392 260 91 37 191
