bedmap_surface.asc
ncols        119
nrows        142
xllcorner    -2035500.000000000000
yllcorner    839500.000000000000
cellsize     1000.000000000000
NODATA_value 32767
[rows 0 to 37 of 142, columns 0 to 83 of 119]
1207 1249 1296 1345 1394 1441 1486 1522 1554 1581 1602 1608 1591 1566 1547 1541 1539 1541 1551 1565 1579 1592 1607 1626 1651 1681 1716 1756 1792 1817 1827 1817 1798 1780 1764 1752 1744 1742 1742 1741 1733 1713 1689 1669 1659 1659 1665 1675 1688 1701 1718 1738 1757 1770 1777 1779 1774 1753 1716 1669 1622 1578 1538 1506 1481 1462 1445 1423 1399 1381 1379 1391 1408 1423 1428 1426 1419 1411 1398 1383 1369 1364 1365 1344
1229 1278 1324 1366 1409 1453 1493 1525 1551 1578 1605 1617 1599 1574 1558 1557 1565 1574 1585 1592 1598 1604 1613 1628 1652 1685 1725 1767 1807 1838 1858 1856 1840 1821 1801 1782 1766 1755 1747 1741 1733 1713 1691 1675 1671 1676 1682 1688 1693 1699 1711 1730 1751 1767 1778 1786 1793 1782 1753 1715 1672 1628 1583 1543 1507 1478 1454 1433 1413 1399 1398 1412 1430 1450 1455 1457 1459 1456 1445 1430 1413 1402 1394 1375
1258 1314 1362 1403 1444 1488 1523 1547 1563 1583 1605 1614 1598 1582 1575 1583 1601 1620 1631 1630 1624 1619 1621 1635 1661 1698 1743 1787 1826 1857 1879 1882 1867 1847 1825 1801 1779 1761 1749 1743 1738 1721 1702 1691 1691 1697 1701 1701 1699 1700 1709 1726 1747 1765 1777 1788 1799 1793 1772 1742 1706 1666 1622 1576 1531 1494 1464 1443 1430 1421 1422 1431 1444 1460 1472 1483 1492 1498 1491 1474 1453 1439 1426 1406
1292 1351 1401 1443 1483 1526 1557 1574 1582 1590 1602 1603 1597 1593 1597 1612 1636 1662 1673 1665 1652 1642 1641 1656 1683 1719 1761 1802 1836 1862 1880 1881 1869 1853 1835 1813 1788 1766 1754 1752 1750 1741 1728 1721 1721 1725 1722 1716 1708 1706 1713 1727 1747 1764 1777 1788 1799 1798 1782 1758 1728 1693 1651 1604 1555 1513 1479 1458 1448 1444 1449 1457 1464 1475 1490 1506 1515 1523 1525 1507 1481 1465 1451 1433
1321 1378 1428 1468 1508 1550 1580 1597 1600 1603 1610 1612 1614 1618 1625 1640 1666 1694 1703 1695 1682 1673 1673 1688 1714 1744 1777 1808 1836 1859 1874 1872 1862 1850 1836 1817 1795 1776 1768 1769 1771 1768 1762 1756 1753 1750 1740 1728 1717 1716 1724 1737 1754 1768 1781 1792 1802 1804 1792 1771 1743 1710 1670 1624 1575 1532 1498 1475 1466 1469 1480 1493 1495 1499 1508 1523 1536 1540 1535 1519 1492 1476 1465 1450
1337 1387 1433 1475 1515 1556 1590 1612 1618 1622 1626 1629 1635 1645 1653 1666 1690 1716 1725 1719 1711 1705 1707 1723 1745 1767 1790 1811 1832 1850 1862 1862 1855 1846 1835 1822 1806 1795 1792 1795 1797 1796 1791 1783 1775 1765 1752 1739 1731 1733 1741 1753 1767 1778 1789 1798 1806 1809 1802 1786 1758 1721 1677 1630 1585 1548 1519 1500 1492 1496 1510 1531 1531 1531 1536 1553 1564 1563 1549 1530 1502 1486 1476 1463
1343 1390 1436 1479 1519 1559 1596 1622 1638 1648 1648 1647 1652 1663 1672 1684 1704 1726 1740 1740 1733 1729 1734 1750 1769 1786 1800 1814 1830 1842 1849 1850 1847 1842 1836 1827 1818 1816 1818 1822 1824 1819 1809 1798 1788 1777 1766 1758 1754 1758 1765 1774 1784 1792 1798 1803 1807 1810 1809 1797 1770 1728 1679 1632 1592 1563 1545 1535 1530 1528 1539 1562 1564 1562 1572 1594 1606 1594 1571 1546 1521 1504 1490 1475
1350 1401 1450 1495 1534 1574 1610 1641 1664 1677 1667 1664 1669 1678 1687 1697 1710 1726 1745 1754 1750 1748 1755 1770 1785 1796 1804 1816 1830 1839 1841 1843 1843 1842 1840 1836 1832 1834 1839 1844 1843 1835 1822 1811 1803 1799 1794 1789 1786 1788 1793 1799 1804 1807 1807 1808 1809 1810 1809 1796 1768 1728 1683 1640 1604 1582 1574 1574 1572 1565 1567 1583 1591 1590 1607 1633 1647 1623 1594 1566 1543 1524 1507 1491
1367 1422 1475 1521 1558 1592 1627 1659 1684 1698 1677 1677 1686 1697 1707 1715 1721 1732 1749 1761 1764 1769 1780 1794 1801 1802 1804 1814 1829 1838 1840 1842 1846 1851 1856 1855 1852 1853 1858 1864 1864 1855 1844 1834 1828 1829 1829 1827 1824 1821 1821 1823 1823 1821 1817 1815 1813 1811 1807 1793 1766 1733 1697 1660 1628 1611 1608 1615 1619 1607 1601 1605 1610 1613 1625 1641 1647 1631 1608 1585 1564 1546 1528 1512
1388 1443 1500 1546 1579 1604 1631 1658 1671 1678 1677 1688 1701 1716 1731 1742 1747 1758 1774 1786 1793 1801 1810 1816 1819 1816 1814 1818 1827 1836 1840 1844 1852 1866 1879 1882 1878 1875 1876 1881 1885 1883 1878 1869 1861 1862 1866 1867 1863 1855 1851 1849 1845 1838 1831 1827 1824 1818 1811 1799 1779 1756 1730 1698 1667 1647 1643 1653 1659 1641 1628 1625 1626 1628 1634 1641 1642 1633 1618 1601 1584 1568 1550 1533
1413 1462 1513 1553 1581 1598 1614 1634 1647 1658 1673 1694 1711 1728 1748 1768 1782 1802 1824 1836 1841 1844 1843 1836 1832 1827 1825 1830 1839 1847 1850 1856 1868 1885 1903 1909 1904 1897 1893 1895 1902 1909 1912 1905 1896 1893 1894 1896 1891 1881 1877 1875 1870 1860 1850 1844 1839 1831 1824 1816 1807 1794 1775 1748 1716 1689 1675 1672 1667 1653 1644 1641 1639 1640 1641 1641 1639 1634 1626 1615 1603 1589 1572 1555
1436 1478 1517 1545 1563 1574 1590 1612 1634 1656 1681 1706 1724 1741 1762 1790 1822 1859 1891 1905 1903 1893 1876 1857 1843 1838 1839 1849 1859 1866 1872 1881 1894 1911 1926 1931 1926 1918 1914 1915 1922 1933 1939 1934 1923 1915 1910 1907 1903 1899 1897 1895 1888 1878 1868 1861 1855 1849 1843 1839 1836 1831 1821 1801 1771 1737 1709 1692 1676 1664 1657 1653 1651 1651 1651 1650 1648 1644 1638 1630 1621 1609 1592 1574
1445 1481 1512 1532 1542 1553 1572 1599 1629 1661 1695 1725 1748 1767 1789 1822 1868 1922 1965 1981 1975 1953 1921 1888 1865 1855 1861 1874 1887 1898 1910 1923 1936 1945 1949 1946 1941 1938 1937 1941 1951 1960 1964 1957 1943 1928 1916 1910 1908 1908 1907 1903 1896 1887 1877 1872 1870 1868 1867 1865 1864 1863 1861 1851 1826 1787 1744 1712 1690 1678 1671 1667 1665 1663 1663 1662 1660 1656 1652 1647 1640 1629 1613 1594
1443 1474 1502 1520 1528 1541 1564 1592 1624 1660 1701 1742 1777 1802 1825 1861 1917 1984 2040 2066 2062 2032 1986 1939 1903 1886 1889 1905 1926 1944 1961 1978 1985 1982 1972 1963 1955 1954 1958 1968 1979 1985 1983 1974 1957 1938 1922 1914 1913 1913 1911 1906 1900 1891 1881 1877 1879 1881 1884 1884 1883 1886 1893 1896 1878 1835 1778 1731 1702 1689 1684 1680 1677 1676 1675 1674 1673 1670 1667 1664 1659 1650 1634 1616
1443 1472 1501 1522 1533 1546 1565 1588 1615 1650 1693 1741 1787 1823 1851 1889 1952 2031 2104 2150 2156 2124 2067 2006 1958 1930 1927 1942 1967 1991 2011 2023 2018 2000 1986 1978 1970 1966 1974 1989 2002 2003 1996 1983 1964 1944 1927 1919 1918 1917 1913 1907 1901 1893 1883 1879 1881 1885 1888 1889 1890 1896 1911 1925 1910 1863 1796 1739 1704 1689 1687 1686 1686 1687 1687 1687 1687 1686 1684 1682 1678 1669 1654 1636
1457 1486 1517 1540 1553 1562 1573 1585 1603 1634 1674 1719 1762 1799 1834 1881 1952 2043 2137 2212 2243 2215 2152 2083 2024 1984 1969 1976 1996 2020 2038 2038 2017 1995 1982 1981 1980 1978 1988 2006 2017 2012 2001 1986 1967 1947 1932 1925 1922 1921 1915 1907 1900 1895 1887 1884 1884 1885 1887 1888 1890 1897 1910 1920 1906 1860 1795 1740 1706 1690 1686 1686 1686 1690 1694 1698 1701 1703 1703 1701 1697 1687 1671 1653
1483 1513 1544 1566 1576 1582 1587 1591 1601 1627 1661 1699 1735 1770 1809 1862 1938 2035 2141 2240 2303 2288 2228 2158 2094 2044 2015 2005 2010 2022 2031 2025 2004 1986 1979 1977 1976 1983 1996 2012 2019 2011 2000 1984 1967 1950 1938 1932 1930 1926 1919 1911 1903 1897 1891 1888 1887 1888 1888 1887 1889 1892 1899 1902 1884 1840 1784 1740 1713 1699 1694 1694 1695 1699 1704 1710 1716 1720 1722 1720 1713 1700 1684 1668
1511 1542 1573 1594 1601 1603 1606 1611 1622 1643 1670 1699 1728 1759 1797 1851 1926 2023 2130 2233 2308 2326 2287 2230 2165 2107 2066 2042 2032 2032 2033 2025 2008 1993 1985 1983 1985 1993 2002 2011 2012 2004 1994 1981 1967 1954 1944 1939 1938 1934 1926 1917 1908 1900 1894 1891 1890 1889 1887 1886 1885 1887 1889 1887 1862 1818 1775 1743 1724 1713 1707 1706 1708 1712 1719 1726 1733 1739 1740 1734 1722 1709 1694 1680
1539 1570 1600 1621 1627 1628 1633 1643 1659 1679 1701 1722 1744 1771 1805 1855 1925 2016 2115 2207 2279 2318 2322 2294 2235 2174 2124 2093 2077 2072 2069 2060 2044 2026 2011 2003 2001 2005 2008 2010 2007 1999 1990 1980 1970 1958 1949 1944 1942 1939 1932 1924 1916 1907 1900 1896 1893 1890 1886 1883 1882 1883 1886 1876 1845 1805 1773 1751 1738 1728 1723 1720 1722 1728 1736 1745 1753 1757 1755 1747 1735 1723 1709 1693
1570 1600 1629 1651 1659 1660 1667 1683 1703 1723 1740 1755 1771 1793 1823 1868 1933 2014 2101 2177 2238 2285 2320 2332 2289 2236 2186 2153 2137 2133 2132 2127 2111 2087 2062 2040 2025 2017 2011 2010 2004 1997 1988 1980 1972 1962 1954 1947 1944 1941 1938 1933 1926 1918 1910 1905 1899 1891 1885 1882 1881 1882 1883 1867 1832 1800 1777 1763 1752 1744 1739 1736 1737 1744 1753 1764 1773 1776 1773 1765 1755 1742 1727 1709
1598 1625 1653 1676 1689 1696 1706 1725 1746 1765 1779 1790 1803 1823 1852 1893 1948 2016 2085 2144 2193 2236 2274 2300 2305 2282 2243 2216 2206 2206 2210 2209 2197 2170 2133 2095 2061 2034 2016 2007 2001 1994 1986 1980 1974 1966 1958 1950 1945 1942 1941 1939 1934 1927 1921 1915 1905 1892 1884 1881 1880 1881 1880 1859 1827 1803 1786 1776 1767 1760 1755 1753 1754 1760 1770 1783 1793 1797 1796 1789 1778 1764 1746 1725
1617 1643 1671 1698 1718 1733 1750 1770 1789 1803 1815 1826 1839 1861 1890 1927 1971 2020 2069 2113 2151 2186 2220 2252 2282 2306 2288 2278 2279 2286 2295 2300 2293 2266 2219 2163 2107 2057 2022 2002 1993 1987 1983 1980 1976 1970 1963 1953 1944 1940 1942 1942 1938 1933 1929 1921 1908 1894 1884 1880 1879 1881 1874 1852 1827 1809 1798 1789 1781 1775 1770 1769 1771 1777 1788 1801 1813 1820 1822 1814 1802 1785 1764 1739
1627 1655 1689 1721 1748 1772 1794 1814 1828 1838 1847 1857 1873 1897 1928 1961 1993 2023 2053 2084 2115 2146 2177 2210 2250 2290 2310 2329 2348 2364 2381 2394 2392 2366 2312 2239 2160 2089 2035 2001 1984 1979 1978 1979 1979 1977 1971 1959 1945 1939 1947 1947 1940 1938 1935 1925 1911 1895 1884 1880 1879 1880 1868 1849 1832 1819 1810 1802 1794 1788 1785 1785 1787 1793 1805 1820 1831 1838 1842 1832 1819 1802 1777 1749
1633 1667 1709 1747 1778 1806 1830 1850 1861 1867 1872 1882 1900 1925 1956 1985 2007 2023 2041 2064 2092 2122 2153 2187 2230 2278 2320 2360 2396 2426 2458 2482 2489 2465 2404 2315 2217 2126 2055 2008 1984 1976 1979 1982 1984 1987 1984 1971 1953 1943 1951 1954 1949 1947 1941 1929 1912 1894 1882 1880 1880 1879 1866 1851 1839 1831 1824 1815 1807 1801 1798 1797 1800 1807 1822 1838 1844 1838 1829 1823 1820 1809 1782 1753
1643 1683 1728 1769 1800 1827 1853 1874 1884 1888 1890 1900 1919 1945 1973 1999 2014 2023 2034 2055 2085 2117 2146 2178 2217 2264 2313 2358 2401 2450 2505 2549 2571 2549 2481 2381 2269 2164 2080 2023 1992 1983 1986 1988 1992 1998 1999 1989 1971 1958 1956 1962 1963 1960 1950 1937 1922 1904 1889 1883 1883 1882 1872 1860 1850 1842 1834 1824 1814 1808 1806 1805 1809 1821 1841 1860 1871 1867 1857 1845 1834 1818 1790 1758
1662 1703 1745 1783 1812 1837 1864 1887 1899 1902 1904 1914 1934 1959 1985 2005 2017 2024 2036 2059 2091 2122 2146 2170 2200 2237 2280 2325 2376 2438 2509 2572 2614 2591 2520 2421 2307 2197 2106 2043 2008 1996 1997 2002 2009 2018 2023 2018 2003 1986 1978 1980 1981 1977 1967 1955 1945 1930 1913 1903 1899 1896 1886 1875 1865 1855 1846 1834 1825 1821 1823 1825 1831 1845 1867 1891 1907 1908 1898 1882 1862 1839 1807 1770
1689 1726 1763 1795 1820 1844 1871 1895 1909 1912 1914 1924 1944 1970 1994 2010 2018 2027 2042 2066 2095 2121 2139 2155 2176 2202 2237 2281 2334 2399 2468 2529 2566 2554 2500 2418 2320 2218 2130 2066 2029 2017 2020 2031 2046 2061 2071 2069 2053 2028 2009 2003 2003 1999 1991 1984 1979 1970 1953 1940 1931 1923 1911 1898 1886 1875 1864 1855 1848 1847 1850 1855 1863 1877 1898 1921 1939 1943 1933 1916 1892 1863 1827 1786
1717 1752 1785 1812 1833 1853 1876 1899 1914 1918 1919 1931 1954 1980 2001 2014 2020 2028 2042 2063 2085 2103 2118 2132 2148 2168 2196 2234 2283 2341 2401 2452 2483 2480 2448 2396 2323 2238 2157 2095 2061 2053 2061 2081 2106 2130 2143 2139 2114 2078 2045 2027 2023 2021 2016 2014 2015 2010 1996 1982 1970 1957 1941 1926 1912 1900 1890 1881 1877 1878 1882 1887 1896 1909 1926 1946 1961 1965 1954 1935 1909 1878 1840 1795
1745 1779 1809 1833 1850 1864 1881 1900 1916 1921 1925 1941 1967 1992 2009 2018 2021 2028 2038 2052 2066 2078 2092 2107 2122 2139 2162 2191 2229 2275 2323 2365 2394 2403 2396 2374 2329 2261 2187 2131 2103 2102 2117 2145 2182 2214 2230 2220 2184 2133 2083 2050 2038 2035 2036 2041 2047 2044 2033 2021 2007 1991 1973 1956 1942 1929 1919 1911 1907 1908 1912 1918 1927 1938 1950 1963 1973 1973 1962 1943 1916 1882 1842 1796
1775 1809 1836 1856 1870 1880 1890 1903 1916 1924 1935 1955 1982 2006 2017 2019 2021 2025 2031 2037 2045 2055 2070 2088 2103 2118 2134 2156 2182 2215 2252 2289 2319 2340 2352 2351 2326 2275 2213 2167 2147 2155 2175 2208 2253 2297 2320 2308 2259 2193 2127 2080 2056 2052 2057 2066 2075 2073 2064 2053 2039 2021 2002 1985 1971 1959 1949 1942 1938 1937 1940 1946 1955 1963 1970 1976 1980 1976 1963 1943 1915 1881 1841 1795
1798 1831 1857 1875 1886 1894 1901 1908 1917 1927 1943 1966 1992 2015 2021 2018 2018 2018 2020 2021 2025 2036 2055 2077 2095 2104 2113 2128 2145 2167 2197 2230 2261 2288 2309 2318 2302 2262 2220 2190 2179 2191 2213 2246 2296 2352 2392 2386 2327 2249 2171 2113 2083 2076 2079 2085 2092 2091 2086 2076 2060 2042 2025 2010 1997 1987 1979 1972 1967 1965 1966 1971 1977 1983 1986 1986 1986 1978 1962 1939 1910 1876 1837 1795
1808 1840 1865 1884 1896 1903 1907 1908 1913 1925 1943 1966 1991 2014 2023 2019 2015 2012 2011 2011 2015 2027 2048 2074 2095 2101 2102 2111 2116 2130 2156 2186 2213 2238 2257 2265 2256 2230 2204 2189 2188 2198 2217 2253 2307 2370 2424 2430 2367 2284 2203 2143 2112 2104 2103 2102 2105 2106 2105 2092 2073 2055 2040 2029 2020 2012 2006 2000 1995 1990 1989 1991 1995 1998 1997 1992 1987 1977 1958 1933 1903 1870 1833 1793
1807 1840 1868 1888 1899 1906 1906 1902 1902 1914 1933 1955 1977 1999 2013 2017 2011 2006 2005 2007 2011 2021 2041 2069 2094 2109 2109 2107 2098 2102 2127 2153 2173 2189 2201 2207 2202 2188 2174 2170 2175 2188 2209 2243 2293 2353 2405 2408 2353 2282 2214 2163 2136 2127 2123 2119 2119 2123 2123 2106 2082 2063 2051 2044 2039 2034 2030 2024 2017 2011 2006 2006 2008 2010 2008 2003 1995 1977 1955 1929 1898 1865 1829 1793
1804 1839 1868 1888 1898 1903 1901 1893 1886 1896 1916 1936 1956 1976 1993 2002 2001 1998 2001 2005 2008 2015 2030 2054 2081 2102 2110 2100 2085 2083 2104 2126 2139 2147 2154 2157 2154 2146 2141 2145 2158 2176 2197 2227 2269 2317 2357 2356 2314 2263 2215 2178 2157 2146 2139 2133 2133 2142 2136 2115 2090 2073 2064 2059 2055 2053 2050 2043 2034 2024 2017 2015 2016 2018 2016 2011 1998 1977 1953 1927 1896 1862 1828 1795
1801 1834 1861 1880 1890 1895 1892 1882 1872 1878 1894 1910 1929 1948 1966 1980 1986 1989 1994 1998 2001 2006 2016 2034 2058 2079 2087 2081 2073 2076 2088 2100 2107 2111 2115 2118 2117 2113 2113 2124 2142 2162 2183 2209 2243 2281 2309 2306 2277 2247 2219 2195 2177 2164 2154 2147 2146 2151 2141 2121 2098 2081 2076 2074 2072 2070 2065 2059 2046 2031 2019 2015 2017 2022 2019 2012 1997 1977 1954 1928 1896 1861 1829 1800
1796 1822 1843 1863 1876 1881 1879 1869 1859 1860 1871 1883 1900 1919 1938 1954 1966 1973 1980 1984 1988 1993 2001 2014 2033 2050 2060 2061 2061 2066 2072 2077 2078 2079 2083 2089 2092 2092 2096 2107 2124 2145 2167 2192 2221 2251 2271 2269 2254 2240 2227 2210 2193 2180 2172 2164 2159 2154 2144 2130 2111 2094 2087 2086 2085 2083 2079 2072 2060 2045 2032 2024 2019 2017 2018 2008 1993 1977 1957 1931 1897 1861 1830 1806
1784 1802 1820 1840 1856 1862 1858 1849 1841 1843 1852 1862 1875 1892 1911 1930 1944 1954 1963 1970 1976 1982 1987 1995 2009 2023 2033 2040 2045 2051 2056 2058 2057 2057 2061 2070 2078 2083 2088 2096 2110 2129 2151 2175 2201 2226 2243 2247 2243 2238 2231 2219 2205 2196 2196 2184 2172 2162 2151 2139 2124 2109 2100 2096 2096 2093 2089 2082 2073 2060 2049 2041 2035 2030 2022 2009 1993 1977 1959 1934 1900 1863 1832 1812
1759 1775 1794 1817 1833 1837 1830 1821 1818 1822 1831 1842 1853 1870 1890 1909 1924 1936 1947 1957 1965 1971 1972 1974 1985 2000 2012 2021 2029 2037 2045 2048 2049 2050 2054 2062 2072 2080 2087 2094 2105 2121 2139 2159 2181 2203 2220 2232 2237 2237 2231 2221 2212 2212 2227 2204 2183 2170 2159 2147 2133 2119 2110 2107 2106 2103 2099 2092 2083 2072 2062 2054 2047 2039 2029 2015 1999 1982 1963 1938 1906 1871 1840 1821
