bedmap_surface.asc
ncols        119
nrows        142
xllcorner    -2035500.000000000000
yllcorner    839500.000000000000
cellsize     1000.000000000000
NODATA_value 32767
[rows 38 to 75 of 142, columns 0 to 83 of 119]
1728 1744 1765 1789 1806 1809 1800 1793 1795 1804 1813 1823 1836 1856 1878 1895 1907 1918 1931 1943 1954 1960 1961 1960 1973 1988 2001 2010 2017 2025 2036 2043 2046 2049 2052 2057 2067 2077 2087 2096 2106 2119 2131 2144 2161 2180 2198 2214 2225 2230 2228 2222 2216 2221 2246 2214 2190 2177 2166 2154 2141 2128 2119 2116 2115 2113 2108 2101 2092 2082 2071 2061 2053 2044 2032 2018 2003 1986 1967 1942 1912 1881 1852 1834
1691 1707 1729 1756 1776 1781 1775 1772 1779 1790 1802 1814 1831 1852 1872 1885 1893 1901 1914 1928 1941 1953 1962 1970 1982 1992 2000 2005 2010 2016 2026 2036 2043 2047 2049 2054 2063 2076 2087 2098 2110 2120 2126 2132 2145 2162 2181 2198 2213 2222 2224 2222 2218 2214 2217 2202 2191 2183 2174 2163 2151 2140 2131 2127 2125 2124 2117 2108 2098 2087 2075 2063 2054 2045 2033 2019 2003 1985 1965 1942 1916 1890 1869 1853
1650 1664 1689 1719 1741 1750 1750 1755 1764 1776 1788 1802 1820 1841 1861 1870 1875 1883 1896 1911 1926 1942 1959 1977 1991 1996 2000 2002 2005 2011 2020 2031 2041 2046 2047 2052 2062 2076 2089 2099 2112 2121 2123 2125 2135 2151 2168 2186 2203 2215 2221 2221 2219 2216 2210 2201 2196 2190 2182 2173 2162 2152 2144 2139 2134 2132 2126 2114 2099 2089 2076 2063 2051 2041 2030 2017 2001 1982 1963 1941 1919 1901 1886 1876
1608 1623 1650 1680 1703 1717 1726 1737 1745 1755 1766 1779 1797 1818 1836 1846 1852 1862 1876 1892 1907 1923 1941 1961 1976 1986 1992 1995 1998 2005 2014 2025 2036 2041 2044 2051 2063 2079 2090 2099 2112 2120 2120 2120 2129 2143 2159 2177 2194 2207 2215 2220 2220 2219 2214 2208 2202 2197 2191 2182 2173 2164 2156 2149 2142 2136 2129 2117 2102 2088 2076 2062 2050 2037 2025 2012 1998 1982 1963 1944 1928 1915 1905 1896
1568 1585 1613 1640 1664 1684 1703 1721 1728 1731 1739 1753 1771 1791 1807 1819 1828 1842 1858 1874 1890 1905 1921 1938 1955 1969 1979 1983 1988 1995 2005 2014 2023 2030 2037 2048 2063 2081 2092 2098 2106 2115 2120 2121 2128 2138 2152 2169 2186 2198 2206 2214 2220 2221 2217 2212 2207 2202 2197 2190 2182 2172 2163 2154 2147 2139 2130 2118 2102 2087 2074 2061 2050 2038 2025 2012 2000 1986 1972 1957 1945 1935 1926 1917
1530 1546 1571 1597 1623 1650 1678 1704 1719 1720 1724 1737 1753 1770 1785 1797 1810 1825 1842 1860 1876 1892 1909 1923 1937 1951 1960 1966 1973 1982 1992 2001 2009 2017 2028 2041 2058 2079 2092 2095 2099 2109 2120 2125 2129 2135 2145 2161 2178 2189 2196 2206 2218 2221 2217 2214 2211 2208 2203 2194 2184 2173 2164 2155 2146 2139 2130 2118 2102 2086 2073 2061 2052 2042 2029 2017 2006 1996 1986 1976 1967 1959 1950 1940
1490 1502 1525 1553 1585 1620 1656 1689 1711 1721 1726 1735 1746 1759 1772 1785 1799 1814 1830 1846 1863 1880 1897 1911 1923 1933 1940 1946 1954 1966 1978 1988 1997 2007 2021 2034 2049 2071 2087 2093 2095 2104 2118 2126 2131 2135 2143 2156 2171 2181 2190 2204 2222 2220 2214 2212 2213 2213 2209 2200 2189 2177 2165 2154 2144 2138 2130 2118 2102 2086 2071 2062 2054 2046 2036 2024 2014 2007 2002 1996 1991 1985 1977 1966
1459 1464 1485 1518 1560 1604 1647 1684 1710 1724 1729 1734 1741 1751 1764 1778 1792 1806 1819 1833 1847 1862 1879 1893 1905 1915 1922 1928 1937 1948 1960 1971 1984 2002 2020 2030 2042 2061 2080 2090 2095 2102 2114 2124 2130 2136 2143 2152 2164 2174 2186 2206 2224 2223 2219 2217 2217 2217 2213 2204 2193 2180 2167 2155 2144 2134 2124 2112 2100 2085 2072 2064 2058 2051 2043 2032 2023 2018 2015 2013 2012 2008 2001 1990
1442 1444 1467 1507 1558 1611 1659 1694 1716 1725 1726 1728 1732 1741 1754 1770 1786 1798 1808 1817 1828 1841 1856 1871 1884 1896 1905 1914 1923 1933 1942 1953 1970 1995 2016 2026 2035 2050 2070 2086 2094 2099 2108 2118 2126 2134 2141 2148 2157 2169 2187 2212 2226 2226 2223 2221 2221 2219 2214 2205 2193 2180 2167 2155 2145 2134 2121 2107 2097 2085 2075 2068 2062 2056 2049 2040 2031 2028 2027 2028 2028 2026 2020 2011
1436 1447 1477 1522 1578 1634 1679 1706 1719 1720 1718 1718 1720 1727 1741 1760 1777 1788 1794 1799 1807 1819 1832 1846 1861 1874 1886 1898 1911 1920 1928 1938 1958 1986 2007 2018 2025 2039 2059 2079 2090 2094 2100 2109 2119 2129 2136 2143 2152 2167 2191 2216 2226 2226 2224 2222 2219 2218 2212 2203 2192 2180 2168 2156 2146 2135 2120 2106 2096 2083 2074 2068 2064 2060 2056 2048 2040 2036 2036 2039 2040 2039 2034 2025
1438 1463 1502 1550 1605 1655 1689 1700 1702 1702 1703 1702 1703 1709 1723 1744 1762 1771 1775 1778 1785 1795 1808 1822 1837 1852 1869 1885 1900 1910 1918 1927 1946 1971 1992 2004 2013 2028 2049 2071 2082 2087 2092 2100 2110 2121 2130 2138 2150 2170 2199 2220 2226 2226 2224 2222 2218 2214 2208 2200 2189 2178 2167 2156 2145 2134 2120 2108 2097 2084 2075 2069 2066 2066 2064 2058 2049 2045 2044 2046 2049 2049 2044 2036
1445 1482 1528 1575 1621 1656 1676 1680 1678 1679 1681 1682 1682 1687 1700 1722 1740 1750 1755 1758 1765 1774 1786 1798 1814 1832 1853 1874 1891 1903 1912 1921 1936 1956 1977 1992 2001 2017 2041 2064 2076 2081 2086 2092 2102 2113 2124 2134 2150 2177 2207 2223 2226 2225 2223 2221 2217 2212 2206 2198 2187 2176 2165 2154 2142 2130 2120 2110 2100 2090 2082 2076 2073 2072 2071 2066 2060 2057 2055 2056 2056 2055 2051 2043
1451 1495 1541 1583 1615 1637 1649 1654 1655 1655 1658 1659 1659 1662 1674 1695 1715 1727 1735 1741 1748 1757 1766 1777 1792 1812 1835 1861 1883 1899 1910 1920 1932 1951 1971 1985 1994 2011 2036 2059 2072 2078 2082 2087 2095 2105 2117 2131 2154 2187 2213 2225 2226 2225 2222 2219 2215 2210 2204 2197 2187 2175 2163 2151 2139 2127 2116 2109 2103 2096 2089 2083 2079 2077 2075 2072 2070 2069 2069 2068 2068 2064 2055 2045
1452 1493 1533 1567 1589 1605 1617 1626 1630 1630 1633 1635 1636 1638 1649 1669 1690 1705 1715 1724 1732 1741 1749 1758 1772 1791 1816 1845 1872 1893 1909 1922 1937 1955 1973 1985 1993 2008 2031 2052 2067 2075 2079 2083 2090 2100 2111 2130 2159 2193 2215 2224 2225 2221 2218 2215 2212 2208 2203 2196 2187 2176 2163 2151 2138 2125 2113 2104 2100 2099 2094 2089 2085 2081 2079 2077 2076 2075 2074 2073 2073 2068 2057 2044
1446 1475 1507 1535 1554 1570 1586 1599 1605 1607 1610 1614 1616 1618 1628 1648 1670 1685 1697 1709 1715 1724 1733 1743 1756 1773 1798 1830 1862 1887 1907 1924 1941 1960 1976 1987 1996 2010 2028 2046 2059 2068 2074 2079 2085 2095 2109 2133 2168 2197 2213 2219 2220 2217 2211 2208 2207 2205 2200 2194 2186 2177 2166 2153 2139 2125 2112 2102 2095 2093 2097 2093 2089 2086 2084 2082 2080 2079 2076 2072 2067 2063 2050 2033
1438 1453 1475 1500 1519 1537 1557 1574 1584 1589 1595 1601 1603 1604 1613 1632 1653 1667 1680 1694 1702 1711 1721 1733 1745 1760 1784 1818 1853 1882 1904 1924 1943 1962 1978 1990 2003 2016 2031 2043 2054 2062 2070 2076 2082 2092 2109 2138 2173 2196 2208 2213 2214 2212 2206 2201 2201 2202 2198 2193 2185 2176 2166 2154 2142 2128 2115 2104 2096 2091 2091 2093 2092 2090 2088 2086 2084 2083 2080 2075 2065 2055 2041 2024
1429 1435 1450 1471 1489 1508 1531 1551 1568 1579 1589 1596 1596 1594 1600 1615 1633 1648 1663 1682 1694 1704 1713 1725 1739 1753 1776 1810 1847 1877 1902 1925 1948 1969 1985 1997 2011 2024 2034 2042 2051 2059 2068 2075 2080 2090 2112 2147 2177 2194 2202 2207 2208 2207 2204 2200 2199 2198 2196 2191 2183 2175 2165 2154 2143 2131 2119 2106 2097 2090 2089 2086 2091 2092 2091 2089 2087 2085 2082 2077 2067 2053 2037 2022
1423 1423 1434 1452 1468 1487 1510 1532 1553 1571 1584 1593 1588 1584 1589 1600 1613 1628 1647 1668 1685 1698 1707 1718 1734 1752 1775 1807 1842 1873 1902 1930 1955 1976 1992 2005 2018 2029 2037 2044 2052 2059 2064 2069 2075 2088 2118 2155 2180 2191 2197 2200 2202 2202 2201 2200 2200 2200 2194 2188 2181 2172 2163 2152 2141 2130 2119 2108 2098 2090 2088 2090 2086 2086 2092 2092 2089 2087 2083 2078 2069 2056 2039 2021
1431 1423 1426 1439 1454 1472 1494 1517 1538 1558 1574 1581 1579 1577 1582 1591 1602 1617 1637 1659 1677 1690 1699 1713 1734 1756 1780 1810 1842 1873 1905 1935 1960 1981 1997 2012 2024 2034 2040 2046 2052 2058 2059 2060 2068 2091 2127 2162 2181 2188 2192 2195 2197 2198 2198 2198 2197 2197 2193 2187 2179 2169 2159 2148 2138 2128 2117 2107 2098 2090 2091 2099 2092 2086 2085 2088 2090 2087 2084 2078 2070 2059 2044 2026
1445 1431 1426 1434 1448 1465 1485 1505 1525 1545 1561 1568 1571 1576 1583 1593 1604 1618 1636 1655 1672 1685 1697 1715 1740 1766 1793 1822 1850 1878 1908 1937 1963 1985 2002 2017 2029 2037 2042 2046 2050 2054 2056 2056 2068 2098 2139 2168 2181 2186 2189 2191 2193 2194 2194 2194 2193 2192 2189 2185 2176 2164 2153 2143 2133 2123 2113 2104 2094 2086 2081 2085 2087 2084 2078 2076 2080 2083 2082 2077 2070 2060 2047 2032
1447 1432 1425 1432 1447 1465 1483 1500 1516 1535 1554 1565 1574 1584 1592 1602 1612 1623 1637 1653 1671 1688 1704 1725 1753 1782 1809 1834 1858 1882 1909 1937 1964 1987 2005 2020 2030 2038 2042 2044 2048 2050 2052 2055 2074 2110 2148 2170 2178 2182 2185 2187 2188 2190 2190 2190 2188 2186 2183 2178 2170 2158 2148 2139 2130 2120 2110 2099 2089 2079 2070 2067 2066 2067 2063 2061 2063 2068 2072 2073 2068 2059 2047 2034
1433 1422 1421 1431 1449 1468 1485 1499 1515 1536 1558 1574 1586 1597 1605 1612 1618 1627 1638 1651 1672 1695 1714 1733 1759 1787 1812 1836 1859 1884 1911 1939 1966 1989 2006 2019 2029 2036 2041 2043 2045 2047 2048 2056 2082 2121 2153 2169 2174 2177 2180 2183 2184 2185 2186 2185 2183 2180 2176 2170 2163 2153 2144 2136 2127 2117 2107 2097 2085 2075 2064 2056 2050 2046 2044 2044 2047 2050 2054 2061 2062 2056 2045 2033
1415 1409 1413 1428 1450 1469 1484 1496 1514 1537 1563 1585 1600 1612 1618 1621 1623 1628 1635 1645 1669 1699 1720 1736 1759 1785 1810 1835 1861 1889 1918 1946 1971 1991 2007 2018 2027 2035 2040 2042 2043 2044 2045 2059 2091 2127 2151 2162 2167 2171 2174 2177 2179 2180 2180 2180 2178 2175 2170 2164 2157 2148 2140 2132 2123 2114 2105 2094 2082 2071 2060 2050 2042 2036 2032 2031 2038 2039 2039 2042 2048 2049 2042 2031
1401 1400 1406 1423 1445 1466 1479 1487 1506 1533 1564 1592 1612 1625 1630 1629 1629 1630 1632 1641 1664 1697 1721 1741 1764 1789 1813 1839 1867 1898 1929 1956 1977 1994 2008 2018 2026 2035 2040 2041 2041 2041 2045 2066 2100 2129 2145 2153 2159 2163 2168 2171 2174 2175 2175 2175 2173 2169 2164 2158 2151 2143 2135 2127 2119 2112 2104 2092 2079 2067 2056 2045 2037 2029 2024 2021 2026 2032 2033 2032 2033 2036 2034 2026
1389 1390 1396 1410 1432 1454 1466 1473 1492 1523 1559 1592 1617 1633 1637 1635 1634 1635 1637 1646 1671 1705 1733 1756 1777 1801 1825 1850 1879 1910 1940 1965 1982 1996 2010 2020 2027 2034 2039 2039 2039 2040 2048 2074 2106 2126 2137 2143 2149 2155 2160 2164 2167 2169 2170 2169 2167 2164 2159 2153 2146 2138 2130 2122 2115 2109 2101 2089 2075 2062 2050 2040 2031 2023 2017 2012 2013 2020 2025 2027 2025 2024 2022 2019
1375 1375 1379 1391 1412 1434 1447 1456 1478 1512 1552 1588 1615 1630 1637 1637 1636 1638 1642 1656 1684 1719 1749 1773 1794 1817 1839 1864 1891 1920 1948 1970 1985 1999 2012 2021 2028 2034 2038 2039 2039 2040 2054 2084 2108 2122 2129 2134 2140 2146 2150 2155 2159 2162 2163 2163 2161 2158 2154 2148 2141 2133 2125 2117 2109 2102 2094 2082 2068 2056 2044 2033 2024 2016 2010 2005 2002 2005 2011 2015 2016 2014 2012 2010
1360 1360 1363 1375 1395 1416 1432 1446 1472 1508 1548 1585 1612 1626 1634 1638 1639 1639 1647 1665 1694 1727 1757 1782 1805 1830 1853 1878 1903 1927 1952 1972 1987 2001 2012 2020 2026 2032 2037 2040 2040 2042 2060 2086 2103 2112 2118 2124 2130 2136 2141 2146 2149 2152 2154 2155 2154 2152 2148 2143 2137 2129 2121 2112 2103 2095 2085 2074 2062 2050 2037 2025 2016 2009 2003 1998 1993 1992 1996 2000 2004 2006 2005 2003
1345 1343 1347 1361 1383 1404 1424 1445 1475 1513 1553 1588 1612 1626 1634 1639 1640 1641 1653 1673 1699 1730 1759 1783 1810 1839 1866 1890 1912 1930 1950 1968 1984 1998 2010 2019 2025 2031 2036 2039 2040 2046 2067 2084 2093 2099 2105 2111 2117 2124 2129 2134 2138 2140 2142 2143 2142 2141 2139 2136 2132 2125 2117 2108 2098 2088 2078 2067 2055 2043 2028 2016 2007 2002 1997 1991 1986 1983 1982 1985 1989 1993 1994 1996
1327 1325 1335 1354 1377 1401 1427 1454 1488 1526 1564 1596 1617 1628 1633 1637 1637 1639 1657 1681 1708 1737 1765 1791 1822 1851 1876 1898 1917 1931 1944 1960 1976 1991 2004 2015 2023 2030 2035 2038 2039 2048 2065 2076 2082 2087 2092 2098 2104 2110 2116 2122 2126 2129 2131 2131 2129 2125 2123 2124 2122 2119 2112 2104 2095 2084 2072 2060 2048 2035 2021 2008 2000 1996 1991 1986 1981 1976 1972 1972 1973 1977 1980 1982
1311 1314 1331 1354 1381 1413 1446 1478 1511 1545 1577 1603 1620 1624 1627 1630 1631 1641 1667 1696 1723 1749 1775 1800 1828 1854 1877 1897 1914 1926 1935 1947 1963 1979 1994 2008 2019 2026 2031 2034 2038 2051 2060 2066 2071 2076 2081 2087 2093 2099 2105 2111 2115 2119 2121 2122 2122 2117 2110 2109 2109 2107 2103 2097 2090 2081 2069 2056 2043 2030 2017 2005 1997 1993 1987 1981 1976 1971 1965 1961 1960 1961 1965 1967
1300 1307 1329 1360 1397 1440 1483 1517 1545 1568 1588 1608 1619 1620 1623 1629 1636 1653 1682 1712 1738 1762 1784 1807 1831 1851 1868 1885 1901 1913 1923 1934 1949 1966 1981 1997 2009 2016 2019 2023 2032 2046 2051 2056 2060 2066 2071 2077 2083 2089 2095 2101 2106 2110 2113 2115 2115 2114 2110 2102 2098 2096 2094 2090 2084 2076 2067 2054 2040 2026 2013 2004 1996 1989 1982 1977 1972 1967 1961 1955 1950 1948 1949 1952
1296 1305 1332 1373 1422 1478 1529 1566 1586 1596 1605 1616 1625 1627 1633 1643 1654 1672 1700 1728 1754 1776 1793 1812 1832 1845 1855 1868 1882 1896 1907 1920 1936 1953 1968 1983 1994 1997 1994 1999 2019 2036 2042 2045 2050 2055 2061 2067 2074 2080 2086 2092 2097 2102 2105 2108 2109 2109 2107 2102 2092 2088 2085 2082 2077 2071 2063 2053 2040 2025 2011 2001 1993 1986 1979 1974 1970 1965 1958 1950 1944 1938 1936 1936
1286 1306 1342 1392 1450 1512 1567 1604 1621 1627 1630 1640 1647 1649 1654 1663 1676 1694 1719 1744 1768 1789 1804 1818 1833 1839 1844 1854 1867 1881 1895 1908 1924 1941 1955 1968 1975 1972 1960 1966 2000 2023 2032 2036 2039 2045 2051 2058 2065 2072 2078 2084 2089 2094 2098 2101 2103 2103 2102 2100 2096 2088 2079 2074 2070 2064 2058 2049 2039 2027 2013 2000 1991 1983 1977 1972 1969 1963 1955 1947 1939 1932 1926 1923
1280 1312 1358 1415 1477 1539 1592 1628 1646 1652 1656 1664 1670 1671 1673 1679 1693 1714 1736 1758 1780 1799 1809 1816 1824 1830 1837 1847 1860 1874 1889 1903 1916 1931 1944 1954 1959 1952 1932 1952 1990 2012 2020 2025 2030 2034 2040 2047 2056 2063 2070 2077 2082 2087 2091 2094 2096 2097 2097 2096 2093 2089 2080 2071 2064 2058 2051 2044 2036 2026 2015 2003 1990 1981 1974 1969 1964 1958 1951 1944 1936 1928 1921 1914
1284 1326 1382 1443 1505 1563 1610 1642 1660 1670 1677 1682 1684 1683 1683 1688 1704 1727 1748 1766 1786 1802 1808 1809 1811 1817 1829 1844 1859 1876 1891 1903 1915 1925 1935 1942 1947 1948 1949 1971 1994 2004 2009 2015 2020 2025 2029 2037 2046 2056 2064 2070 2075 2079 2083 2087 2089 2091 2091 2091 2089 2086 2081 2074 2064 2054 2046 2039 2031 2023 2014 2003 1992 1981 1972 1965 1959 1953 1946 1940 1933 1925 1917 1909
1297 1347 1411 1477 1537 1588 1626 1652 1671 1686 1693 1692 1690 1688 1687 1692 1710 1734 1753 1769 1786 1798 1800 1798 1797 1806 1825 1845 1864 1881 1896 1906 1915 1922 1927 1931 1935 1941 1958 1980 1993 1997 2000 2005 2011 2015 2018 2027 2038 2049 2057 2063 2067 2071 2076 2079 2083 2085 2086 2086 2084 2081 2078 2073 2067 2057 2045 2036 2028 2020 2011 2002 1992 1981 1970 1961 1953 1947 1941 1935 1929 1921 1912 1905
1320 1372 1440 1507 1566 1611 1643 1667 1690 1706 1711 1704 1696 1692 1691 1695 1711 1733 1751 1766 1779 1787 1788 1786 1789 1802 1826 1850 1871 1887 1899 1906 1910 1914 1918 1921 1925 1939 1964 1981 1987 1989 1992 1997 2002 2006 2011 2019 2031 2042 2050 2055 2059 2063 2067 2071 2076 2079 2080 2080 2079 2077 2074 2070 2065 2059 2050 2038 2027 2018 2009 1999 1989 1979 1968 1958 1949 1941 1934 1928 1922 1915 1907 1900
1350 1396 1460 1525 1581 1623 1654 1679 1704 1722 1727 1717 1703 1697 1694 1697 1711 1729 1746 1759 1769 1775 1775 1775 1782 1799 1825 1850 1869 1883 1892 1897 1899 1902 1906 1910 1918 1939 1963 1974 1977 1980 1984 1988 1993 1999 2005 2012 2022 2032 2040 2046 2051 2055 2058 2062 2068 2073 2074 2074 2073 2072 2069 2066 2063 2058 2051 2042 2029 2018 2007 1997 1986 1976 1965 1955 1945 1935 1928 1921 1915 1908 1901 1895
