bedmap_bed.asc
ncols        119
nrows        142
xllcorner    -2035500.000000000000
yllcorner    839500.000000000000
cellsize     1000.000000000000
NODATA_value 32767
[rows 80 to 119 of 142, columns 0 to 89 of 119]
1178 1223 1251 1258 1243 1219 1196 1172 1139 1089 1025 959 898 839 782 729 683 696 728 775 841 945 1068 1184 1157 1085 1011 958 946 962 970 939 875 812 874 983 1007 895 716 522 347 221 197 354 599 852 1071 1232 1322 1257 1117 967 847 790 812 868 926 967 990 996 977 912 810 710 672 768 929 1070 1108 1081 1042 1033 1055 1105 1146 1160 1089 818 536 290 101 -44 -109 112 303 285 161 76 109 274
1185 1247 1283 1282 1254 1211 1174 1145 1113 1068 1010 949 886 828 774 723 685 686 698 721 764 865 983 1043 1039 998 943 890 863 866 874 863 833 812 846 900 896 812 680 537 410 329 329 439 622 824 1004 1140 1209 1186 1104 1006 924 880 881 910 942 968 988 990 969 925 863 813 814 906 1055 1201 1213 1101 1007 1062 1134 1192 1249 1291 1128 876 626 399 203 36 -52 131 351 269 125 109 222 396
1210 1285 1320 1294 1238 1182 1146 1123 1094 1047 992 932 871 819 773 731 699 680 664 650 656 714 797 867 902 901 862 801 758 771 797 809 806 804 822 837 813 744 650 549 466 418 431 512 646 802 946 1056 1116 1119 1078 1019 966 935 931 944 966 984 997 1000 987 961 929 912 930 1002 1105 1193 1190 1101 1018 1117 1210 1231 1236 1190 1049 892 717 535 362 219 153 227 325 286 216 230 361 521
1253 1319 1343 1280 1199 1138 1112 1096 1067 1015 956 899 849 808 773 741 713 679 631 576 533 517 594 700 787 828 806 720 645 687 746 780 795 802 807 792 750 690 620 554 504 482 504 570 672 792 905 995 1049 1065 1050 1018 987 967 963 973 989 1004 1016 1021 1017 1006 995 993 1013 1063 1129 1180 1184 1143 1118 1179 1244 1222 1187 1064 958 921 825 685 537 415 343 342 358 333 309 347 463 600
1248 1278 1276 1211 1128 1074 1057 1035 1006 959 901 852 815 788 770 756 737 699 628 531 354 270 392 565 717 816 825 694 553 653 740 780 807 814 800 757 700 641 588 546 520 520 550 613 697 791 882 957 1006 1027 1024 1008 991 981 983 994 1010 1028 1041 1050 1053 1053 1052 1057 1072 1104 1147 1185 1201 1195 1196 1224 1244 1206 1125 997 1043 1051 978 841 700 589 504 453 417 380 366 406 509 608
1192 1185 1163 1105 1037 999 977 957 933 891 839 795 767 757 762 773 777 753 682 559 277 68 275 504 702 864 970 798 673 735 781 797 842 843 798 724 651 592 548 522 517 535 577 641 718 799 874 935 979 998 1000 992 982 980 989 1007 1030 1052 1070 1083 1094 1101 1106 1110 1115 1132 1164 1202 1231 1248 1259 1270 1269 1238 1181 1121 1161 1193 1126 969 824 726 628 545 468 406 373 393 470 573
1096 1066 1037 993 946 914 892 875 852 815 767 725 703 710 741 787 830 841 794 653 450 323 407 558 711 835 890 806 764 773 728 789 893 875 791 684 591 532 497 485 495 530 589 663 742 815 878 926 959 974 975 969 963 966 984 1014 1048 1078 1100 1119 1136 1152 1163 1163 1151 1149 1177 1224 1272 1305 1319 1323 1315 1293 1263 1235 1130 1156 1143 1013 883 819 704 601 491 398 339 333 404 523
964 935 909 877 843 819 807 798 779 744 693 644 623 649 709 788 873 935 1014 850 683 624 612 668 751 819 835 796 860 920 887 895 938 885 759 618 510 459 433 431 453 508 591 684 772 843 895 930 949 956 951 939 931 937 966 1015 1067 1108 1132 1151 1178 1204 1225 1222 1184 1150 1181 1252 1325 1373 1384 1379 1364 1333 1276 1191 1101 1090 1069 993 902 823 709 610 473 358 278 250 345 487
816 801 786 765 743 733 735 736 723 687 627 564 540 584 664 761 869 971 1125 974 887 874 786 771 805 842 860 885 988 1102 1036 965 913 813 668 520 405 386 365 369 393 472 589 713 816 887 927 947 950 943 932 909 887 887 930 1009 1091 1146 1164 1177 1211 1255 1296 1303 1219 1128 1178 1296 1388 1449 1453 1431 1406 1369 1299 1195 1087 1053 1042 974 869 750 628 506 404 295 225 204 329 487
674 681 679 668 655 654 670 684 679 649 583 516 483 536 615 704 801 935 992 897 933 998 864 829 847 872 895 936 1022 1102 1077 968 857 733 589 444 326 346 310 318 324 426 595 761 885 951 974 974 955 931 920 882 827 804 868 994 1127 1202 1193 1183 1228 1292 1361 1406 1277 1221 1256 1355 1466 1538 1512 1461 1421 1373 1287 1174 1064 1047 1039 957 836 702 567 436 313 220 185 220 356 528
559 586 598 594 579 576 601 629 635 611 563 516 494 521 569 629 698 766 766 705 874 968 881 856 872 890 906 938 998 1054 1061 899 770 654 535 422 338 324 304 299 262 402 636 847 988 1032 1022 1002 955 906 916 859 752 681 778 973 1179 1289 1213 1151 1227 1298 1370 1420 1356 1304 1319 1410 1529 1615 1539 1456 1398 1341 1248 1130 1021 1038 1036 937 801 655 511 370 240 143 128 200 382 584
475 527 551 544 515 492 515 550 570 572 558 536 517 515 526 545 561 571 676 798 982 1083 1010 915 905 880 877 892 921 922 880 731 655 577 492 411 352 325 310 310 339 490 737 975 1126 1116 1041 1006 932 843 916 847 685 543 683 943 1224 1390 1208 1078 1228 1296 1381 1435 1420 1375 1365 1424 1513 1565 1499 1419 1355 1300 1219 1115 1022 1011 995 903 770 623 476 330 195 94 99 213 374 629
433 508 543 531 483 431 444 479 512 544 562 558 533 502 482 486 511 576 733 926 1140 1268 1173 1031 963 860 832 832 838 817 761 658 587 524 462 404 360 335 324 339 409 581 825 1078 1251 1156 977 905 842 798 816 773 677 612 710 912 1126 1249 1191 1143 1228 1305 1396 1467 1457 1407 1375 1399 1458 1488 1443 1395 1346 1296 1229 1147 1071 1024 973 878 753 611 466 325 199 114 127 231 378 534
442 533 576 566 512 447 423 432 468 527 576 583 547 480 425 422 468 575 742 924 1122 1274 1226 1100 944 806 795 785 767 730 673 599 538 486 438 397 365 346 341 361 443 625 840 1039 1132 1057 883 758 731 726 726 717 689 670 733 871 1026 1131 1154 1164 1219 1291 1368 1424 1424 1390 1359 1364 1406 1428 1413 1390 1360 1320 1265 1197 1125 1057 979 876 752 616 479 347 236 167 174 253 369 493
511 601 649 645 590 512 450 413 427 505 604 631 566 451 354 350 410 539 677 821 963 1063 1051 986 893 849 803 757 710 656 601 545 496 454 418 387 366 359 368 405 491 635 797 931 985 936 821 719 673 679 663 686 710 697 725 820 945 1051 1112 1153 1198 1251 1306 1345 1356 1342 1325 1338 1370 1397 1408 1405 1393 1367 1322 1258 1184 1101 1005 891 764 632 501 381 281 220 214 263 344 433
612 698 747 750 682 581 484 410 378 493 614 669 581 428 282 299 358 518 610 693 777 830 808 729 651 751 759 709 648 588 537 491 455 423 397 375 364 368 389 436 517 627 743 833 869 843 777 711 673 663 655 686 748 699 700 782 899 1008 1087 1134 1169 1203 1237 1269 1287 1291 1294 1310 1337 1367 1392 1414 1430 1428 1396 1332 1251 1157 1044 919 785 650 524 414 324 264 240 260 311 368
715 802 845 833 745 620 493 384 312 388 516 570 529 431 341 338 398 513 568 612 658 686 673 631 603 655 667 632 572 514 470 437 414 394 375 360 354 364 395 449 524 611 695 759 788 779 748 713 687 680 686 712 732 686 674 761 883 999 1083 1125 1139 1150 1166 1192 1222 1242 1257 1279 1307 1339 1375 1414 1452 1475 1459 1388 1296 1197 1083 950 808 669 544 439 357 299 263 250 275 309
799 891 915 862 757 627 503 408 337 401 474 495 487 443 388 369 400 449 496 545 583 603 604 589 579 593 589 552 493 441 403 383 375 368 355 340 335 346 384 443 516 591 657 707 734 736 725 710 701 702 710 725 730 704 711 786 900 1016 1099 1121 1111 1106 1118 1145 1172 1194 1217 1242 1271 1304 1343 1391 1446 1489 1497 1412 1299 1220 1105 953 807 668 547 453 382 330 292 265 255 269
843 940 917 842 738 622 519 426 414 454 506 446 470 464 425 363 324 366 430 492 533 554 562 558 553 546 525 477 419 370 339 341 357 363 350 326 311 319 363 430 504 573 630 672 697 708 710 711 716 724 734 743 746 743 763 830 929 1034 1106 1103 1075 1071 1097 1115 1133 1151 1173 1198 1225 1256 1290 1334 1376 1401 1388 1294 1179 1137 1070 939 791 646 530 452 403 367 335 308 288 278
821 874 858 796 709 617 540 481 463 456 416 350 467 506 488 375 230 314 398 463 502 520 527 527 520 503 468 413 360 311 282 315 366 389 372 328 294 301 350 425 503 566 613 649 673 689 702 716 732 747 757 766 772 781 807 861 938 1013 1055 1056 1044 1046 1067 1085 1099 1112 1129 1150 1174 1201 1230 1258 1272 1272 1247 1146 1038 1031 996 895 755 612 497 449 427 412 395 376 358 344
772 805 797 755 689 623 569 540 527 512 475 435 474 558 603 510 398 402 441 476 493 496 497 495 484 459 419 370 328 285 253 333 427 466 442 402 355 340 377 449 522 572 605 635 660 681 703 728 752 770 781 788 795 809 836 876 925 970 993 998 1001 1015 1038 1058 1073 1083 1094 1111 1129 1155 1176 1181 1158 1114 1066 1026 1010 992 952 867 745 616 513 463 471 475 471 461 450 443
728 755 755 727 684 640 616 609 613 616 603 569 529 544 615 585 544 518 521 527 505 479 473 466 448 416 376 348 335 335 368 474 571 610 559 509 458 435 453 506 560 596 615 643 675 703 728 753 775 789 794 798 807 823 847 876 905 924 930 933 947 975 1007 1034 1051 1060 1068 1081 1095 1129 1153 1142 1084 974 855 913 998 980 944 876 779 668 586 546 553 559 559 553 546 543
688 715 721 705 681 664 663 681 711 747 775 780 738 622 519 551 617 623 621 606 525 460 454 453 421 376 341 333 349 390 472 612 733 712 686 629 579 552 556 584 620 651 674 697 721 743 764 784 799 805 805 807 816 833 856 876 888 884 869 860 884 932 983 1017 1033 1043 1049 1070 1079 1132 1174 1169 1104 973 819 862 916 954 950 905 829 748 688 654 670 660 655 647 639 632
655 676 683 677 671 675 697 740 799 872 950 1006 982 826 684 694 793 817 773 672 543 432 453 464 404 331 292 302 345 408 504 650 722 810 779 730 690 669 667 681 705 731 753 771 788 801 812 821 824 819 809 805 816 842 869 885 882 855 811 781 819 897 974 1014 1026 1037 1053 1078 1104 1176 1244 1262 1232 1129 996 953 973 989 989 954 878 800 760 743 758 766 750 739 726 713
633 641 644 645 650 669 710 775 862 966 1083 1192 1181 1055 950 937 1002 1021 934 766 611 483 496 504 377 254 209 251 326 392 461 570 688 773 783 785 780 775 773 780 797 820 840 854 865 871 875 873 859 832 801 785 804 847 889 910 898 852 778 707 755 886 1005 1027 1030 1045 1072 1108 1156 1224 1293 1369 1413 1348 1204 1065 1015 1039 1056 1029 946 876 813 792 805 828 827 817 802 786
623 602 609 613 622 648 701 785 894 1013 1134 1243 1257 1216 1164 1115 1095 1059 957 799 648 553 527 485 303 128 91 195 321 373 415 514 633 730 784 832 859 868 874 883 894 907 925 936 942 944 943 934 905 849 783 743 776 849 921 960 950 896 812 727 760 882 1000 1041 1046 1066 1098 1141 1196 1265 1349 1454 1553 1558 1396 1181 1099 1124 1143 1103 974 885 822 800 812 847 878 875 868 854
571 575 585 585 590 615 674 779 909 1032 1130 1174 1266 1303 1292 1196 1102 1020 921 793 668 573 503 399 194 5 0 189 375 371 391 486 617 739 831 897 933 954 967 979 991 999 1007 1014 1017 1010 1005 1001 964 881 765 675 733 857 968 1043 1038 985 901 818 807 886 983 1040 1050 1080 1120 1165 1215 1272 1349 1457 1583 1669 1519 1371 1277 1240 1205 1075 931 841 789 772 791 835 884 907 920 917
539 557 561 559 562 581 638 767 924 1060 1167 1215 1290 1318 1263 1130 1023 934 849 760 671 593 532 472 407 344 320 351 404 428 449 531 658 790 895 962 1005 1033 1053 1068 1079 1086 1082 1088 1092 1081 1065 1047 974 856 725 653 734 894 1049 1142 1133 1086 1017 914 842 885 965 1022 1049 1090 1137 1183 1218 1247 1291 1370 1465 1534 1509 1610 1407 1311 1167 980 824 760 729 719 755 813 874 924 956 969
504 525 535 542 553 569 606 761 947 1067 1101 1206 1248 1216 1128 1018 913 833 770 717 670 630 600 578 547 513 496 504 524 538 561 633 744 861 957 1030 1081 1116 1138 1148 1153 1161 1135 1149 1164 1152 1129 1099 977 813 660 601 713 911 1104 1205 1185 1150 1097 987 831 884 964 1018 1040 1094 1150 1203 1221 1210 1200 1240 1296 1343 1373 1583 1553 1300 1079 856 690 679 665 653 715 798 869 926 966 988
457 487 510 530 552 576 629 770 968 1016 1110 1155 1148 1082 977 864 770 707 673 663 666 673 685 701 702 691 676 666 662 665 688 748 838 936 1027 1106 1168 1210 1228 1223 1208 1183 1139 1186 1226 1205 1163 1119 978 767 566 487 648 884 1077 1142 1126 1137 1139 1039 913 952 1014 1058 1065 1079 1152 1237 1242 1190 1118 1128 1153 1184 1226 1292 1327 1180 986 795 656 663 634 589 694 801 881 933 973 1003
411 457 494 521 543 567 610 703 796 910 994 1024 996 916 808 703 621 574 569 603 654 708 764 811 841 847 829 806 788 782 797 848 922 1010 1100 1187 1263 1314 1329 1301 1252 1208 1174 1203 1235 1227 1196 1165 1014 753 481 342 589 861 1055 1030 959 975 1053 1077 1027 1059 1096 1129 1131 1026 1125 1277 1281 1224 1159 1113 1119 1179 1229 1228 1122 1021 886 750 653 630 611 611 723 834 909 942 980 1020
377 438 486 517 536 548 566 606 674 760 830 855 826 749 652 566 500 465 482 551 635 721 807 880 933 951 934 906 882 872 881 924 991 1077 1172 1269 1358 1424 1445 1385 1301 1234 1203 1216 1240 1246 1226 1174 1041 832 625 532 665 899 1101 913 741 793 968 1081 1121 1136 1149 1137 1026 853 1036 1215 1260 1241 1215 1202 1217 1245 1233 1161 1040 912 798 699 629 601 600 633 729 843 926 928 978 1035
349 425 484 523 542 543 531 533 559 613 665 689 669 611 538 490 457 448 478 545 628 716 804 881 938 965 968 958 943 934 941 978 1045 1132 1234 1340 1443 1527 1540 1466 1347 1256 1218 1229 1252 1272 1263 1216 1115 963 806 720 751 847 910 803 721 792 987 1139 1221 1241 1207 1125 1005 972 1112 1238 1255 1244 1265 1300 1335 1341 1255 1092 922 789 704 635 582 559 567 607 680 763 828 866 957 1043
321 418 496 553 582 574 544 508 489 502 530 548 544 515 477 455 446 456 493 555 630 707 787 865 919 952 977 987 982 975 977 1010 1076 1167 1274 1382 1486 1550 1561 1513 1395 1285 1248 1259 1280 1317 1320 1286 1226 1111 970 857 796 774 747 689 699 832 1041 1185 1253 1320 1307 1171 979 1062 1211 1290 1244 1229 1300 1377 1435 1431 1267 998 777 656 615 572 525 500 512 553 605 660 716 789 908 1042
292 416 523 609 648 626 577 518 465 437 433 444 447 441 431 430 440 465 510 570 637 711 780 850 902 944 982 1005 1007 999 994 1023 1088 1174 1278 1385 1473 1511 1545 1538 1465 1400 1380 1351 1337 1374 1383 1363 1344 1260 1109 949 811 702 611 561 641 842 1085 1232 1331 1405 1428 1406 1071 1128 1179 1192 1165 1240 1324 1410 1459 1389 1377 843 610 574 570 536 475 432 449 495 532 553 591 683 828 1000
271 413 541 649 703 663 599 527 458 409 383 375 376 380 388 403 429 469 524 587 653 729 800 865 914 955 995 1026 1028 1014 998 1022 1078 1158 1260 1370 1464 1476 1522 1535 1518 1500 1503 1489 1431 1421 1416 1419 1452 1386 1206 995 796 629 494 419 552 824 1087 1262 1361 1395 1362 1203 1002 1047 1115 1160 1188 1250 1300 1392 1431 1295 1022 683 444 542 568 523 431 352 389 458 480 450 449 554 736 948
263 394 512 608 658 639 584 513 440 381 340 318 315 327 347 377 416 472 541 616 694 780 845 899 936 966 1011 1051 1045 1015 993 1014 1057 1125 1220 1325 1415 1450 1502 1534 1546 1536 1515 1477 1461 1461 1470 1473 1490 1453 1218 976 745 555 425 367 501 816 1108 1292 1381 1340 1259 1096 955 990 1084 1172 1237 1293 1341 1400 1374 1248 1000 724 561 601 579 515 396 269 361 480 481 365 291 424 648 906
259 375 481 564 607 597 553 485 408 339 285 255 253 276 312 357 408 480 565 656 751 838 895 946 960 965 1018 1085 1056 999 979 1007 1031 1078 1162 1280 1373 1424 1476 1519 1545 1540 1525 1498 1477 1477 1505 1499 1449 1319 1110 862 636 471 393 362 561 887 1172 1380 1338 1257 1127 962 851 936 1088 1219 1293 1326 1345 1356 1320 1211 987 768 620 519 398 425 408 375 455 574 548 332 160 354 607 889
258 366 464 540 572 561 518 451 366 281 212 176 183 227 288 359 439 529 623 720 821 916 985 1021 1021 1012 1025 1078 1034 950 947 996 973 1030 1127 1254 1338 1392 1444 1495 1532 1541 1539 1521 1485 1469 1510 1473 1349 1142 874 590 390 371 447 522 766 1028 1219 1343 1296 1175 1017 845 729 911 1127 1283 1329 1322 1313 1298 1269 1166 998 818 665 507 389 420 450 441 468 529 522 427 379 519 703 902
263 367 462 533 557 540 492 415 314 208 121 75 100 186 286 388 491 601 715 823 924 1019 1096 1120 1103 1073 1012 1029 989 914 885 948 960 1019 1107 1198 1282 1341 1398 1457 1508 1536 1556 1562 1556 1531 1470 1416 1232 970 658 333 125 336 586 792 1023 1192 1248 1286 1269 1095 943 829 817 988 1191 1291 1282 1271 1259 1247 1218 1142 1021 875 719 532 398 421 464 435 415 470 522 557 631 788 951 1099
