bedmap_surface.asc
ncols        119
nrows        142
xllcorner    -2035500.000000000000
yllcorner    839500.000000000000
cellsize     1000.000000000000
NODATA_value 32767
[rows 76 to 113 of 142, columns 0 to 83 of 119]
1389 1422 1476 1533 1583 1622 1656 1686 1713 1732 1737 1724 1708 1700 1696 1698 1708 1721 1734 1745 1755 1761 1764 1768 1779 1796 1820 1842 1857 1868 1876 1881 1885 1889 1894 1901 1916 1942 1959 1964 1967 1971 1975 1980 1985 1991 1998 2005 2014 2022 2029 2036 2042 2048 2053 2057 2062 2067 2068 2066 2065 2065 2063 2060 2059 2055 2049 2043 2032 2020 2006 1995 1984 1973 1962 1951 1940 1930 1921 1913 1907 1901 1895 1890
1430 1449 1489 1536 1579 1617 1654 1688 1714 1731 1731 1718 1705 1698 1696 1698 1702 1708 1716 1726 1737 1747 1755 1765 1780 1797 1816 1834 1846 1854 1861 1866 1872 1877 1884 1894 1914 1939 1950 1953 1956 1961 1965 1970 1976 1982 1990 1997 2005 2012 2019 2025 2032 2039 2046 2051 2056 2060 2061 2061 2061 2059 2058 2055 2053 2049 2044 2040 2031 2018 2004 1992 1982 1970 1957 1945 1933 1922 1913 1906 1899 1893 1888 1883
1468 1478 1506 1542 1578 1614 1650 1681 1704 1715 1714 1704 1697 1693 1692 1694 1694 1696 1700 1708 1721 1736 1749 1763 1780 1796 1813 1826 1836 1843 1849 1855 1860 1866 1873 1889 1915 1933 1938 1941 1946 1951 1955 1960 1965 1973 1980 1988 1996 2003 2010 2016 2022 2029 2036 2043 2048 2052 2054 2055 2055 2054 2053 2051 2048 2044 2040 2035 2027 2013 1998 1988 1979 1966 1952 1938 1924 1913 1904 1897 1890 1885 1879 1875
1510 1513 1532 1559 1587 1616 1644 1668 1686 1695 1697 1694 1691 1689 1688 1688 1688 1688 1690 1697 1709 1725 1740 1755 1773 1790 1804 1815 1824 1831 1837 1843 1848 1854 1863 1882 1910 1924 1928 1931 1937 1941 1943 1947 1953 1960 1969 1978 1986 1995 2002 2008 2014 2019 2024 2031 2039 2044 2047 2048 2048 2048 2047 2045 2042 2038 2034 2028 2019 2006 1993 1983 1974 1960 1945 1929 1913 1901 1893 1887 1881 1875 1870 1865
1551 1552 1564 1585 1605 1621 1635 1650 1666 1679 1686 1688 1688 1686 1684 1684 1683 1684 1685 1690 1699 1713 1727 1742 1759 1776 1791 1802 1811 1818 1825 1831 1836 1843 1855 1879 1903 1914 1918 1921 1926 1930 1930 1933 1939 1948 1959 1968 1977 1986 1993 2000 2007 2012 2016 2020 2027 2034 2040 2041 2042 2041 2040 2038 2035 2031 2025 2019 2010 1999 1988 1977 1965 1951 1936 1919 1904 1892 1883 1877 1872 1865 1858 1853
1580 1581 1590 1605 1617 1618 1619 1628 1645 1663 1677 1684 1684 1683 1682 1681 1681 1682 1684 1687 1694 1703 1714 1727 1743 1760 1776 1788 1798 1806 1813 1819 1824 1833 1852 1879 1897 1904 1907 1911 1914 1916 1916 1917 1925 1937 1949 1961 1970 1979 1986 1993 2000 2006 2012 2018 2021 2024 2032 2035 2035 2035 2033 2031 2027 2023 2017 2010 2002 1992 1981 1970 1957 1943 1927 1911 1897 1886 1877 1870 1864 1856 1848 1841
1594 1595 1598 1603 1605 1600 1597 1606 1627 1649 1669 1679 1679 1680 1680 1680 1681 1682 1684 1686 1692 1699 1705 1715 1728 1745 1760 1773 1783 1793 1800 1806 1813 1827 1851 1876 1889 1893 1897 1900 1903 1904 1905 1906 1914 1929 1943 1955 1965 1973 1980 1985 1991 1997 2003 2008 2013 2017 2022 2026 2028 2028 2026 2024 2020 2015 2009 2003 1994 1985 1974 1962 1950 1936 1920 1905 1890 1879 1870 1864 1857 1849 1842 1835
1599 1595 1589 1587 1586 1581 1580 1592 1617 1640 1657 1668 1673 1677 1678 1678 1680 1681 1682 1685 1689 1695 1701 1708 1719 1732 1746 1759 1770 1779 1787 1794 1804 1824 1852 1872 1879 1883 1886 1890 1894 1896 1899 1902 1911 1925 1939 1952 1961 1968 1974 1978 1983 1988 1993 1998 2003 2007 2011 2015 2018 2019 2019 2017 2013 2008 2002 1995 1987 1977 1967 1955 1943 1929 1915 1900 1885 1872 1862 1856 1849 1843 1836 1831
1578 1572 1566 1566 1566 1566 1569 1584 1610 1632 1644 1656 1666 1671 1673 1675 1677 1679 1680 1683 1686 1691 1696 1704 1714 1725 1737 1748 1759 1768 1776 1784 1797 1822 1850 1864 1869 1872 1876 1881 1885 1890 1894 1901 1910 1922 1936 1950 1959 1965 1968 1971 1975 1979 1984 1988 1992 1997 2001 2004 2006 2008 2009 2008 2005 2000 1994 1987 1980 1970 1960 1948 1936 1922 1908 1894 1881 1867 1855 1846 1840 1836 1831 1827
1545 1543 1542 1544 1548 1552 1558 1576 1604 1625 1638 1650 1660 1665 1668 1671 1674 1676 1679 1681 1684 1687 1694 1702 1713 1723 1733 1743 1752 1761 1767 1775 1791 1821 1844 1854 1859 1863 1867 1872 1878 1883 1889 1897 1907 1919 1932 1945 1956 1960 1961 1963 1966 1970 1974 1978 1982 1986 1990 1993 1996 1997 1998 1998 1995 1991 1986 1980 1972 1963 1953 1941 1928 1915 1901 1887 1874 1861 1848 1837 1829 1825 1823 1821
1510 1513 1517 1521 1526 1533 1543 1564 1591 1615 1632 1646 1655 1659 1662 1666 1671 1674 1678 1680 1682 1685 1692 1703 1716 1727 1733 1740 1748 1755 1761 1768 1786 1816 1835 1844 1848 1853 1858 1864 1870 1876 1883 1892 1902 1913 1925 1936 1946 1950 1951 1953 1957 1961 1965 1969 1972 1976 1979 1983 1986 1987 1988 1988 1986 1982 1977 1971 1964 1956 1946 1934 1921 1907 1892 1877 1863 1850 1837 1827 1818 1812 1809 1808
1478 1485 1490 1495 1499 1507 1524 1551 1579 1606 1626 1641 1651 1656 1659 1663 1668 1672 1675 1677 1680 1684 1693 1711 1728 1737 1736 1738 1743 1749 1756 1767 1790 1812 1825 1832 1837 1842 1848 1854 1861 1868 1876 1885 1895 1905 1915 1925 1933 1938 1939 1940 1947 1953 1957 1960 1963 1966 1969 1972 1976 1977 1978 1978 1977 1974 1969 1963 1956 1949 1939 1928 1915 1900 1884 1868 1854 1840 1827 1817 1808 1801 1797 1794
1451 1461 1468 1472 1478 1492 1516 1545 1574 1600 1621 1637 1648 1654 1658 1660 1664 1668 1670 1670 1676 1683 1698 1722 1744 1751 1743 1737 1739 1743 1750 1766 1790 1805 1814 1820 1825 1831 1837 1843 1850 1859 1867 1877 1886 1896 1905 1914 1921 1926 1928 1931 1939 1945 1948 1951 1953 1956 1959 1962 1966 1968 1969 1969 1968 1966 1963 1956 1949 1942 1934 1923 1910 1895 1879 1862 1846 1832 1818 1807 1798 1791 1786 1782
1431 1446 1454 1460 1469 1487 1513 1542 1568 1594 1614 1632 1645 1653 1657 1658 1660 1662 1661 1659 1666 1680 1704 1735 1759 1765 1754 1741 1738 1739 1747 1768 1786 1797 1803 1809 1815 1821 1827 1833 1841 1848 1857 1866 1876 1886 1895 1903 1910 1915 1920 1925 1931 1935 1938 1940 1943 1946 1949 1953 1956 1959 1960 1960 1959 1958 1956 1951 1943 1935 1926 1916 1904 1890 1874 1858 1841 1825 1810 1798 1789 1781 1775 1771
1416 1436 1449 1459 1469 1486 1511 1536 1560 1584 1606 1626 1642 1651 1654 1653 1651 1650 1646 1645 1655 1679 1712 1744 1764 1771 1760 1745 1739 1738 1747 1767 1780 1788 1794 1800 1806 1813 1820 1825 1833 1841 1849 1857 1866 1875 1884 1892 1899 1905 1911 1916 1921 1925 1928 1929 1932 1936 1940 1944 1948 1951 1952 1952 1951 1950 1947 1943 1937 1928 1917 1908 1897 1885 1870 1854 1837 1820 1805 1791 1780 1772 1766 1761
1408 1435 1452 1462 1471 1487 1508 1529 1548 1570 1594 1617 1635 1645 1648 1647 1641 1635 1632 1634 1651 1681 1716 1745 1756 1753 1745 1736 1736 1730 1746 1762 1771 1778 1784 1790 1798 1805 1813 1818 1827 1834 1841 1849 1857 1866 1874 1882 1890 1896 1901 1906 1911 1915 1917 1917 1920 1925 1932 1937 1941 1943 1944 1944 1942 1940 1938 1934 1928 1920 1910 1900 1889 1878 1866 1851 1834 1817 1801 1786 1774 1765 1759 1754
1406 1436 1455 1463 1470 1486 1504 1519 1531 1551 1575 1599 1618 1630 1637 1638 1631 1623 1624 1630 1650 1679 1711 1735 1741 1733 1726 1725 1732 1736 1747 1755 1761 1768 1775 1782 1790 1798 1805 1813 1821 1827 1834 1842 1850 1859 1867 1874 1880 1886 1891 1896 1900 1904 1907 1909 1910 1915 1925 1933 1937 1939 1939 1938 1936 1932 1929 1925 1920 1913 1904 1894 1882 1871 1860 1846 1831 1814 1798 1782 1770 1760 1753 1748
1403 1431 1449 1457 1464 1478 1492 1501 1509 1526 1549 1572 1592 1608 1617 1621 1618 1614 1618 1626 1644 1669 1695 1714 1720 1718 1719 1722 1728 1733 1739 1745 1751 1758 1766 1774 1782 1790 1798 1806 1814 1822 1830 1838 1845 1852 1858 1864 1870 1875 1880 1885 1889 1894 1897 1901 1904 1909 1919 1925 1929 1932 1935 1935 1934 1931 1927 1923 1919 1910 1900 1890 1879 1866 1853 1840 1827 1811 1795 1779 1766 1756 1749 1743
1393 1416 1432 1442 1453 1464 1474 1477 1480 1494 1516 1539 1563 1583 1599 1607 1611 1606 1607 1616 1632 1653 1673 1692 1703 1710 1716 1721 1724 1724 1729 1735 1742 1750 1758 1766 1774 1783 1791 1799 1808 1817 1826 1833 1839 1844 1850 1854 1859 1864 1868 1873 1878 1883 1888 1892 1897 1903 1910 1915 1918 1921 1926 1928 1929 1927 1923 1919 1916 1913 1908 1897 1884 1868 1852 1837 1824 1809 1793 1777 1763 1753 1745 1739
1376 1394 1409 1423 1437 1449 1457 1457 1456 1465 1483 1508 1535 1561 1583 1599 1609 1609 1603 1606 1619 1638 1657 1678 1694 1705 1714 1719 1718 1716 1720 1726 1734 1742 1751 1759 1768 1777 1785 1794 1804 1813 1822 1829 1834 1838 1843 1847 1851 1854 1858 1863 1868 1874 1880 1885 1891 1897 1903 1906 1909 1912 1915 1919 1920 1918 1915 1911 1907 1904 1900 1894 1887 1875 1859 1844 1831 1815 1795 1778 1763 1750 1741 1735
1351 1369 1385 1402 1418 1431 1442 1446 1443 1446 1459 1482 1511 1540 1565 1581 1594 1603 1606 1606 1616 1635 1656 1678 1695 1706 1714 1717 1709 1706 1710 1717 1726 1735 1744 1753 1762 1771 1780 1790 1800 1809 1817 1823 1829 1832 1836 1840 1842 1845 1849 1853 1858 1865 1871 1877 1884 1890 1895 1899 1901 1902 1904 1907 1909 1908 1905 1902 1899 1895 1891 1886 1879 1869 1856 1841 1827 1812 1797 1782 1766 1751 1739 1730
1321 1340 1360 1378 1394 1408 1424 1436 1441 1440 1446 1464 1492 1520 1543 1561 1575 1585 1593 1607 1622 1640 1663 1685 1700 1709 1714 1711 1700 1699 1702 1708 1716 1726 1736 1745 1755 1763 1773 1783 1793 1802 1810 1817 1822 1825 1828 1830 1832 1834 1837 1841 1846 1852 1860 1867 1874 1880 1886 1890 1893 1894 1894 1896 1895 1892 1891 1890 1887 1883 1877 1871 1862 1852 1840 1827 1813 1798 1783 1768 1754 1742 1732 1723
1292 1313 1336 1355 1369 1382 1400 1418 1431 1438 1440 1455 1480 1504 1527 1548 1567 1577 1587 1607 1626 1644 1666 1686 1702 1709 1710 1699 1690 1692 1698 1706 1715 1724 1732 1740 1749 1757 1767 1777 1785 1794 1803 1810 1815 1818 1818 1819 1820 1822 1824 1827 1832 1839 1846 1855 1862 1869 1875 1879 1882 1885 1885 1883 1879 1874 1873 1872 1870 1864 1857 1849 1839 1827 1816 1804 1792 1779 1764 1749 1736 1725 1716 1709
1274 1296 1322 1340 1350 1359 1375 1395 1415 1432 1441 1455 1475 1495 1517 1539 1559 1572 1582 1600 1621 1640 1660 1679 1694 1701 1697 1684 1681 1687 1695 1704 1714 1722 1729 1737 1747 1756 1765 1773 1781 1788 1796 1803 1807 1809 1808 1807 1808 1809 1809 1811 1816 1823 1832 1841 1850 1858 1863 1867 1870 1872 1873 1871 1865 1858 1854 1851 1847 1839 1829 1819 1806 1794 1783 1773 1765 1756 1744 1731 1718 1706 1697 1692
1274 1298 1322 1337 1340 1345 1359 1378 1402 1425 1443 1460 1475 1490 1510 1532 1550 1563 1574 1589 1610 1630 1647 1664 1678 1685 1680 1671 1674 1682 1692 1701 1710 1718 1726 1736 1746 1756 1765 1773 1780 1785 1791 1796 1799 1799 1797 1796 1796 1795 1793 1794 1798 1806 1817 1828 1838 1847 1852 1855 1857 1859 1860 1859 1855 1848 1841 1835 1827 1815 1800 1785 1768 1753 1742 1735 1733 1730 1724 1715 1704 1691 1681 1675
1286 1310 1332 1341 1340 1339 1351 1370 1394 1420 1444 1463 1477 1491 1509 1528 1543 1555 1565 1581 1601 1618 1633 1645 1658 1665 1662 1663 1671 1679 1688 1698 1707 1716 1724 1735 1746 1756 1765 1774 1780 1785 1788 1789 1788 1787 1785 1784 1784 1783 1780 1778 1782 1790 1801 1813 1825 1834 1839 1841 1842 1843 1844 1845 1844 1839 1833 1824 1813 1800 1782 1762 1741 1722 1707 1700 1700 1703 1707 1707 1704 1688 1676 1665
1292 1316 1335 1340 1338 1338 1347 1364 1386 1412 1438 1461 1478 1493 1512 1528 1540 1549 1560 1578 1594 1608 1618 1629 1641 1650 1655 1661 1669 1676 1684 1693 1703 1713 1723 1734 1746 1756 1766 1774 1781 1785 1787 1785 1779 1773 1769 1768 1769 1769 1768 1768 1771 1777 1787 1799 1812 1821 1825 1825 1824 1824 1826 1828 1828 1827 1823 1817 1806 1792 1772 1750 1728 1706 1687 1679 1679 1682 1687 1692 1697 1698 1691 1675
1287 1309 1324 1328 1327 1328 1336 1351 1371 1396 1424 1451 1473 1493 1514 1531 1545 1557 1568 1580 1587 1593 1602 1614 1630 1644 1653 1659 1665 1672 1680 1689 1699 1710 1722 1734 1745 1756 1766 1774 1780 1785 1787 1783 1775 1765 1755 1749 1747 1749 1751 1754 1757 1764 1773 1783 1794 1803 1807 1808 1807 1807 1809 1811 1810 1810 1811 1809 1804 1792 1773 1750 1725 1699 1672 1662 1660 1659 1659 1663 1669 1673 1673 1668
1278 1298 1308 1310 1308 1308 1315 1329 1349 1373 1403 1436 1468 1499 1525 1543 1559 1575 1581 1578 1573 1572 1580 1596 1618 1638 1648 1654 1660 1667 1674 1683 1694 1706 1719 1733 1745 1757 1766 1771 1777 1785 1788 1783 1774 1761 1748 1736 1728 1726 1727 1731 1737 1745 1754 1763 1772 1781 1787 1790 1791 1792 1794 1795 1794 1793 1796 1799 1803 1794 1778 1756 1731 1703 1673 1653 1643 1633 1628 1629 1633 1639 1642 1644
1268 1284 1293 1291 1286 1284 1288 1301 1323 1351 1386 1430 1476 1520 1554 1568 1575 1585 1584 1570 1555 1549 1557 1579 1609 1631 1640 1646 1653 1662 1669 1677 1688 1702 1717 1732 1746 1759 1769 1776 1780 1781 1786 1781 1770 1757 1741 1725 1712 1704 1701 1703 1709 1718 1728 1738 1747 1756 1765 1771 1775 1777 1778 1778 1777 1778 1781 1786 1791 1788 1777 1758 1734 1707 1676 1647 1625 1607 1597 1595 1599 1606 1611 1616
1262 1277 1284 1276 1265 1259 1261 1275 1301 1335 1379 1432 1487 1538 1574 1578 1566 1565 1566 1553 1537 1529 1539 1567 1601 1622 1630 1636 1647 1657 1665 1670 1681 1697 1715 1732 1747 1761 1772 1781 1787 1786 1784 1776 1764 1749 1731 1713 1695 1682 1674 1673 1678 1686 1697 1708 1720 1731 1742 1752 1759 1762 1762 1761 1760 1760 1762 1766 1770 1768 1760 1744 1724 1698 1667 1633 1603 1580 1567 1564 1569 1576 1583 1588
1267 1279 1276 1264 1252 1243 1243 1256 1284 1326 1377 1432 1485 1527 1549 1547 1536 1536 1538 1532 1522 1518 1533 1563 1595 1613 1621 1627 1640 1652 1661 1666 1677 1695 1715 1732 1747 1761 1775 1787 1794 1794 1786 1772 1757 1739 1720 1698 1677 1660 1649 1645 1647 1654 1665 1677 1690 1705 1719 1731 1740 1744 1745 1743 1740 1739 1740 1743 1745 1743 1736 1723 1703 1677 1645 1610 1578 1554 1541 1538 1542 1549 1556 1561
1261 1266 1263 1257 1254 1249 1241 1247 1275 1320 1373 1423 1464 1492 1503 1502 1499 1505 1511 1514 1514 1518 1535 1566 1592 1607 1615 1623 1635 1648 1657 1666 1679 1697 1716 1735 1750 1764 1779 1791 1799 1801 1790 1772 1752 1730 1707 1682 1658 1638 1625 1619 1620 1625 1635 1647 1662 1679 1695 1709 1717 1722 1723 1721 1717 1714 1713 1715 1717 1717 1711 1699 1678 1650 1617 1583 1553 1531 1519 1516 1518 1523 1529 1534
1238 1244 1246 1248 1251 1246 1236 1241 1266 1309 1359 1402 1432 1450 1456 1457 1463 1475 1488 1499 1510 1521 1540 1568 1588 1601 1611 1621 1632 1644 1654 1665 1680 1700 1721 1742 1760 1776 1789 1800 1808 1803 1790 1770 1747 1722 1696 1668 1640 1618 1603 1597 1597 1602 1609 1620 1636 1655 1674 1688 1696 1698 1696 1691 1686 1682 1682 1684 1688 1689 1686 1673 1649 1618 1584 1551 1524 1508 1499 1496 1496 1499 1504 1509
1214 1226 1233 1237 1238 1235 1229 1233 1254 1292 1336 1374 1399 1413 1419 1425 1436 1453 1470 1486 1502 1519 1542 1564 1581 1594 1605 1617 1629 1640 1648 1662 1681 1704 1728 1752 1774 1791 1805 1814 1818 1810 1790 1765 1740 1714 1685 1655 1625 1601 1585 1579 1578 1581 1586 1595 1611 1631 1651 1666 1673 1672 1664 1654 1646 1642 1642 1646 1653 1658 1658 1645 1619 1585 1548 1515 1492 1479 1474 1473 1474 1477 1481 1487
1201 1215 1222 1223 1224 1224 1224 1229 1244 1273 1311 1347 1372 1387 1396 1405 1418 1435 1453 1469 1485 1504 1529 1552 1571 1586 1601 1615 1627 1637 1643 1657 1681 1710 1740 1767 1790 1809 1822 1830 1827 1814 1792 1763 1735 1707 1676 1643 1612 1586 1569 1561 1559 1561 1563 1569 1583 1603 1623 1636 1640 1635 1622 1607 1596 1591 1592 1600 1611 1622 1626 1615 1588 1551 1511 1478 1456 1447 1445 1447 1450 1454 1460 1466
1196 1206 1208 1208 1213 1221 1227 1235 1244 1263 1293 1326 1352 1370 1381 1392 1405 1419 1434 1448 1462 1480 1505 1532 1556 1576 1599 1619 1632 1639 1643 1658 1686 1721 1757 1788 1813 1830 1846 1854 1841 1818 1789 1756 1724 1696 1663 1629 1599 1572 1551 1541 1535 1533 1532 1537 1549 1568 1586 1596 1594 1583 1566 1547 1534 1529 1531 1543 1560 1577 1588 1582 1555 1515 1471 1436 1415 1409 1412 1417 1422 1429 1436 1441
1190 1196 1193 1196 1212 1229 1244 1252 1254 1262 1284 1310 1335 1355 1368 1381 1393 1403 1414 1425 1437 1452 1477 1513 1541 1567 1601 1628 1641 1644 1643 1656 1688 1730 1774 1809 1834 1846 1866 1883 1859 1826 1790 1749 1710 1684 1649 1611 1584 1553 1530 1518 1509 1504 1501 1504 1515 1533 1549 1553 1544 1525 1501 1479 1466 1462 1467 1483 1507 1532 1551 1550 1523 1476 1426 1388 1370 1370 1380 1389 1397 1406 1414 1418
