dome_A_surface.asc
ncols        93
nrows        89
xllcorner    829500.000000000000
yllcorner    302500.000000000000
cellsize     1000.000000000000
NODATA_value 32767
[rows 0 to 40 of 89, columns 0 to 90 of 93]
802 795 792 795 804 819 830 838 840 842 840 838 836 833 829 821 817 809 803 799 792 788 782 777 774 769 766 761 758 756 751 749 746 742 740 738 736 734 732 730 727 725 722 719 717 715 713 709 706 704 700 696 691 688 683 678 675 671 670 670 670 671 675 685 696 716 724 723 705 683 640 612 574 550 534 510 497 477 462 454 440 433 422 414 407 398 393 387 384 381 378
828 833 837 842 848 855 859 861 861 859 856 852 847 844 839 831 825 817 811 807 800 795 789 784 781 776 773 768 765 762 757 755 751 749 747 744 742 740 737 735 731 729 726 724 722 720 718 714 711 708 703 699 694 689 685 678 673 667 663 660 655 653 651 652 656 663 664 659 644 629 598 579 551 533 520 501 488 471 458 449 437 430 418 408 401 390 384 376 370 365 360
851 867 878 884 887 886 884 881 879 875 868 863 857 852 846 837 831 823 817 813 805 801 795 790 787 781 778 773 770 766 762 760 755 753 752 749 747 743 740 739 735 733 730 728 726 723 721 717 714 711 706 701 696 690 685 678 672 664 656 651 642 636 628 624 620 614 609 600 588 578 560 549 531 518 508 492 481 466 454 446 434 426 414 404 397 384 377 367 359 354 345
877 908 927 933 932 922 912 904 899 892 882 875 868 862 855 845 840 831 824 819 812 809 801 796 793 787 784 779 775 772 767 766 761 760 758 754 753 749 746 744 741 739 735 733 731 727 726 721 717 714 708 704 697 692 686 677 670 658 648 638 625 616 601 586 573 552 540 524 517 514 511 509 504 497 491 480 472 460 450 442 429 421 409 399 390 377 369 356 346 339 327
884 927 954 962 960 945 930 919 913 905 893 884 877 871 862 853 847 838 831 827 820 817 809 804 801 794 791 786 782 779 774 773 769 766 765 761 759 755 752 750 747 746 742 739 737 733 731 726 722 719 712 708 700 693 688 679 671 656 643 631 613 601 579 557 537 503 485 465 460 464 473 479 484 482 479 473 468 458 448 441 428 420 406 395 386 370 361 345 333 324 308
860 908 940 951 952 940 927 917 912 905 895 887 879 874 866 856 851 843 836 832 826 822 815 810 807 800 797 791 787 785 780 778 774 772 770 766 764 760 757 755 753 751 747 744 743 739 736 731 726 723 717 713 705 698 693 683 674 659 644 632 613 600 576 552 530 493 474 452 449 454 466 474 481 481 480 475 471 462 452 445 430 422 407 395 384 367 356 339 326 315 297
816 868 905 919 924 920 912 907 904 900 892 885 878 874 867 858 853 845 839 836 829 827 821 816 813 806 802 797 793 790 785 782 779 776 774 771 768 765 762 760 758 756 752 750 748 744 741 736 732 729 723 719 711 704 698 687 678 663 649 637 617 604 580 556 534 498 480 459 455 460 471 478 485 484 484 480 477 468 458 450 435 425 409 396 385 365 353 335 319 307 287
777 831 870 887 898 900 898 896 896 893 888 882 877 873 867 859 853 846 841 838 833 830 825 820 817 810 807 801 797 794 788 786 782 780 778 775 773 769 766 764 761 760 756 753 752 748 746 741 737 734 728 724 716 709 702 691 683 667 654 643 623 610 587 564 544 510 493 472 468 471 480 486 491 491 490 487 483 475 466 456 440 429 412 398 386 365 352 331 315 302 281
724 782 823 843 861 871 876 880 883 883 880 877 873 870 866 858 853 847 842 840 835 834 828 825 822 816 812 807 801 798 793 790 787 784 783 779 778 775 772 770 766 764 762 759 757 753 752 747 743 740 734 730 722 716 709 699 690 676 663 653 634 622 600 579 561 532 516 498 493 494 499 502 504 503 502 498 495 487 475 466 448 437 418 402 389 366 352 329 311 297 274
671 731 776 800 823 843 854 863 868 872 872 870 868 867 862 856 853 847 844 842 838 837 833 830 826 822 817 812 807 804 799 796 792 790 789 786 785 782 779 777 774 772 768 766 764 761 759 755 751 748 744 740 733 725 720 710 701 689 677 668 651 639 620 602 588 562 549 533 528 526 528 530 530 527 525 520 516 505 493 482 461 448 426 409 394 369 353 328 308 293 269
644 706 753 778 804 827 841 852 858 863 865 864 863 862 859 854 851 847 844 843 840 839 836 832 830 825 822 817 812 809 804 801 798 796 794 793 791 788 785 783 780 778 774 771 770 767 765 761 757 756 751 748 742 735 730 721 714 703 692 684 668 659 642 626 613 592 580 566 560 559 560 561 559 555 552 544 539 525 511 499 475 461 437 417 401 374 358 330 309 293 268
621 685 733 762 790 814 828 840 848 853 857 857 857 857 855 852 849 847 846 845 843 841 838 835 833 829 826 821 818 814 809 807 804 802 801 799 797 795 792 789 786 784 780 778 776 773 771 768 765 763 760 757 751 746 742 734 728 719 710 703 690 682 668 655 645 628 618 606 600 599 598 598 595 589 585 574 567 550 534 519 492 476 449 427 410 381 364 334 312 296 269
605 671 722 751 778 803 818 831 839 846 850 851 852 852 851 849 848 847 847 846 844 842 840 837 835 831 829 825 821 818 813 811 809 807 807 804 802 800 796 794 791 788 785 783 781 779 777 774 772 770 767 764 759 755 751 744 740 733 724 719 708 702 690 680 671 657 649 639 634 632 631 631 625 619 612 600 590 571 552 536 506 489 459 436 418 387 369 338 316 299 272
588 655 707 735 763 789 805 818 828 835 840 843 845 846 847 847 847 847 848 847 845 844 841 839 838 834 832 828 825 822 819 818 815 814 813 811 809 806 803 802 798 796 793 791 789 786 785 783 780 779 776 774 770 767 764 759 755 751 745 741 734 729 720 713 707 698 692 684 680 679 678 676 670 660 653 636 624 601 579 560 526 506 473 447 428 395 375 344 320 303 276
569 634 684 712 741 770 788 803 813 822 829 833 836 839 841 844 846 847 847 847 846 844 842 841 840 837 836 833 830 828 825 824 822 821 820 818 817 814 812 809 806 805 802 800 799 798 796 794 793 791 789 787 784 782 780 778 775 772 770 768 764 762 758 754 751 747 744 739 738 737 736 735 727 716 706 683 668 639 613 591 552 528 490 461 440 404 382 349 325 309 282
554 613 660 687 717 749 771 790 801 811 821 825 830 834 837 841 843 846 847 847 846 845 843 843 842 840 839 836 834 832 830 829 827 827 827 824 823 821 819 816 813 812 811 809 808 807 806 804 803 802 800 799 797 796 794 793 791 791 790 789 789 788 788 787 787 786 785 783 784 785 787 785 778 764 751 724 706 672 642 616 573 546 504 473 448 410 388 354 331 315 291
543 591 630 656 688 727 752 776 789 800 811 817 823 829 833 838 841 843 845 845 845 845 844 845 844 843 842 839 838 837 834 834 834 833 833 831 829 827 825 823 821 820 818 818 817 817 816 815 814 813 811 811 810 810 809 810 809 810 811 813 816 817 821 822 825 828 829 831 833 836 841 841 833 817 802 768 746 706 673 645 596 566 520 486 459 419 396 361 337 322 301
535 574 610 634 667 709 739 764 779 793 804 811 819 824 830 835 838 841 843 844 844 844 845 846 846 845 843 842 841 840 839 839 838 837 837 835 834 832 831 829 827 827 825 825 825 825 824 824 822 821 821 821 821 822 822 824 824 827 829 831 837 839 845 850 853 860 862 866 871 876 883 884 876 858 840 802 777 734 696 665 612 581 532 495 467 425 401 366 343 329 309
529 557 584 607 641 689 724 752 768 782 795 803 811 817 824 831 833 836 840 841 842 844 846 846 846 846 846 845 845 844 843 843 843 843 842 841 840 839 837 836 834 834 834 833 834 833 833 832 832 832 833 834 835 837 838 841 843 847 852 856 864 868 878 884 891 900 905 913 920 927 937 940 931 912 891 848 819 769 728 693 634 599 546 505 476 430 406 369 347 335 317
528 546 567 587 622 672 710 740 757 772 786 793 802 809 817 823 827 831 834 837 841 842 845 847 848 849 849 849 849 849 850 850 849 849 848 848 847 846 845 844 843 843 843 843 843 842 842 842 842 843 844 846 850 853 855 860 863 870 877 882 893 900 913 923 932 946 954 966 976 985 998 1001 994 972 948 899 865 809 761 723 656 617 557 513 481 432 405 368 347 336 324
537 550 568 587 620 671 709 739 754 768 780 788 795 802 809 817 821 826 831 834 839 842 845 847 848 850 850 851 852 853 854 855 854 854 854 853 853 851 851 850 849 850 850 850 850 850 849 849 850 851 854 856 860 865 868 874 877 886 895 902 915 923 937 951 961 979 989 1004 1016 1027 1042 1046 1039 1015 990 935 899 838 786 744 671 628 562 515 480 427 399 361 341 333 325
554 564 579 596 630 678 714 743 756 769 778 783 789 796 803 811 815 823 827 831 837 841 846 848 850 851 853 854 856 857 858 858 859 859 859 858 858 857 856 856 856 856 856 857 857 856 857 857 859 859 863 865 870 876 879 886 891 902 911 920 934 945 961 977 989 1010 1022 1039 1054 1066 1085 1089 1082 1056 1028 970 932 866 809 763 684 636 566 514 476 419 389 350 331 325 322
568 577 590 607 639 686 721 746 759 769 775 780 785 791 798 807 811 819 825 830 836 840 845 848 850 852 854 856 858 859 860 861 862 862 862 862 861 861 860 861 860 861 861 861 861 862 862 864 865 866 870 872 878 883 888 896 901 912 924 932 949 959 977 994 1008 1032 1044 1064 1081 1094 1114 1119 1111 1085 1057 995 954 884 826 776 692 641 566 512 472 411 380 339 322 318 318
588 594 606 622 650 692 723 747 757 765 770 773 778 783 791 800 806 815 823 828 835 840 845 849 851 854 856 859 861 862 864 865 866 866 867 866 866 865 865 866 866 866 867 867 868 868 869 871 873 874 879 882 888 892 897 906 912 925 937 946 964 975 995 1013 1028 1054 1069 1091 1110 1125 1148 1155 1147 1119 1089 1025 981 908 845 792 701 646 565 506 464 399 365 323 308 307 315
609 613 621 633 655 688 713 732 741 749 756 760 766 773 781 793 800 812 820 825 834 839 845 849 852 857 859 862 865 866 869 870 871 871 871 871 871 871 872 873 872 873 873 874 874 876 876 879 881 884 888 891 897 902 907 917 923 936 949 959 977 990 1010 1029 1046 1074 1089 1114 1135 1152 1179 1186 1179 1151 1119 1053 1009 932 865 808 709 649 561 497 450 378 342 299 289 295 314
621 620 623 630 644 667 684 699 707 718 731 741 751 761 771 786 794 808 817 824 833 838 845 851 854 859 862 866 868 870 872 874 875 875 877 877 877 876 877 878 878 877 878 878 879 880 881 884 886 889 893 896 902 908 912 922 928 942 955 966 984 996 1018 1037 1053 1082 1099 1125 1146 1165 1192 1201 1195 1168 1136 1071 1026 947 877 817 711 648 553 484 432 353 315 272 269 283 320
630 625 621 622 625 631 639 649 657 672 695 714 732 743 759 777 787 803 814 821 831 838 846 852 855 862 864 868 872 873 877 878 879 880 881 881 882 882 883 883 883 882 882 883 883 884 885 888 891 892 897 900 907 913 916 926 932 945 957 968 987 999 1020 1039 1056 1085 1102 1128 1151 1170 1198 1208 1203 1177 1147 1083 1038 958 885 822 709 642 542 466 408 321 279 238 244 269 328
637 628 621 616 609 604 603 609 618 638 669 695 717 731 749 770 782 800 811 819 831 837 846 854 858 863 866 870 874 877 879 881 883 884 884 885 886 887 887 887 887 886 886 886 887 887 887 890 893 894 898 902 908 914 918 927 933 946 958 968 987 998 1019 1039 1055 1083 1100 1126 1149 1168 1197 1208 1204 1180 1152 1090 1046 966 891 825 708 638 533 452 390 296 252 211 225 258 336
650 637 623 613 595 575 566 567 576 601 641 674 702 719 740 764 777 797 810 819 831 838 849 855 860 866 869 873 878 881 884 885 887 888 889 890 891 892 892 892 890 890 890 890 890 890 891 892 894 896 900 903 909 914 919 927 932 944 955 965 983 994 1015 1033 1049 1077 1093 1118 1140 1160 1189 1199 1197 1176 1150 1095 1055 976 899 829 707 633 521 436 368 266 219 180 202 246 344
675 659 642 626 601 570 554 551 560 587 632 669 699 718 739 764 778 799 812 822 835 842 852 859 864 870 873 879 883 886 889 891 893 894 894 896 897 898 897 897 896 895 894 894 894 893 893 894 895 897 900 903 908 913 916 923 928 939 949 958 975 985 1004 1021 1036 1061 1076 1099 1120 1138 1165 1175 1176 1160 1141 1097 1063 989 910 839 710 631 514 425 354 248 200 161 187 238 345
706 690 673 658 633 602 586 582 591 614 655 688 716 732 752 776 788 807 819 829 840 847 857 864 868 874 879 884 889 892 894 896 897 898 899 900 901 902 901 900 899 898 898 897 897 896 896 896 896 897 899 901 905 910 913 919 923 933 942 949 964 974 991 1006 1019 1041 1055 1075 1094 1109 1133 1142 1145 1135 1125 1096 1069 1004 927 853 718 636 515 426 358 253 206 168 191 237 338
745 731 716 703 683 660 647 644 649 667 697 724 745 758 774 794 804 819 831 838 849 855 863 871 875 881 885 890 894 897 900 901 903 903 905 905 906 905 904 903 902 902 900 900 900 898 897 897 896 896 897 898 901 905 907 912 916 924 931 938 950 959 973 985 996 1015 1026 1044 1057 1070 1088 1096 1101 1101 1102 1092 1076 1023 948 872 731 646 522 435 369 272 227 189 204 242 326
778 765 752 743 728 711 702 700 703 716 738 756 772 782 796 810 819 831 840 846 856 862 870 877 880 887 891 896 899 902 904 905 907 907 908 908 908 908 907 906 905 903 903 902 902 900 899 897 897 896 895 897 898 900 902 905 909 915 921 927 938 944 957 968 976 992 1001 1015 1027 1036 1050 1057 1064 1072 1080 1087 1080 1038 963 887 741 654 528 444 382 291 249 209 219 247 314
820 811 802 796 788 781 777 776 778 783 792 800 808 815 823 833 839 848 854 859 867 871 879 884 889 895 897 902 906 908 910 910 911 912 912 912 912 911 910 909 907 907 905 904 904 901 900 897 896 895 893 892 892 893 894 896 898 902 906 910 918 924 933 941 948 960 966 977 984 990 998 1004 1013 1029 1048 1075 1080 1050 980 902 753 663 538 457 401 319 280 240 238 254 298
868 861 856 853 852 853 854 854 853 851 849 847 848 850 853 858 860 865 869 873 879 883 889 894 898 903 906 911 913 915 916 917 917 918 918 918 918 917 915 915 912 911 909 907 905 903 900 897 894 892 889 887 885 884 883 883 883 885 887 889 893 896 902 907 912 920 924 931 936 937 941 946 958 982 1010 1055 1070 1053 986 911 761 671 546 472 421 349 313 272 258 260 277
902 897 892 891 892 895 897 897 895 890 882 877 873 873 874 875 876 878 881 883 889 893 898 901 905 910 913 916 918 920 922 922 923 924 923 924 924 922 921 919 917 916 912 910 907 904 901 896 893 890 885 882 878 875 874 871 870 869 869 870 873 874 878 881 884 890 893 899 902 904 908 913 926 954 985 1036 1054 1043 980 907 761 674 553 481 433 366 332 287 265 256 253
935 932 929 927 929 932 934 934 929 922 912 904 898 896 894 893 892 892 894 896 900 903 906 910 912 916 918 922 925 926 928 929 929 929 930 930 930 928 925 924 921 919 916 912 909 903 901 895 891 887 880 876 871 867 863 858 856 853 851 851 851 851 852 854 856 860 862 867 871 874 881 887 903 932 963 1016 1036 1026 968 898 760 675 559 490 445 380 346 298 266 246 221
959 956 953 953 954 957 958 957 952 944 932 923 915 911 908 905 903 903 903 905 908 909 913 915 917 921 923 926 929 931 933 933 935 935 935 935 934 933 930 929 925 922 918 914 910 904 900 894 888 884 877 872 865 859 855 848 845 841 838 836 834 833 833 834 835 838 840 845 850 854 862 870 887 916 947 998 1018 1011 954 889 757 676 564 499 455 392 358 306 266 238 198
989 986 984 983 985 987 987 984 980 970 956 946 936 932 927 920 918 915 915 915 916 918 920 921 923 927 929 933 935 937 940 940 942 942 942 941 940 938 935 934 929 926 920 916 912 905 899 891 885 880 871 866 856 849 843 835 831 824 820 816 811 809 806 806 805 806 808 813 819 825 836 845 863 891 920 968 986 981 930 870 751 676 574 513 473 413 380 325 277 238 178
1020 1019 1017 1017 1018 1020 1020 1017 1011 1000 983 970 959 952 945 935 932 926 924 924 924 925 927 928 930 934 937 941 943 946 947 949 949 950 949 947 947 944 941 938 934 930 924 918 913 905 899 890 882 875 864 858 846 837 829 818 812 802 795 790 782 777 771 768 766 765 765 768 775 780 792 801 819 845 872 915 931 928 886 836 735 672 585 533 501 451 423 368 313 265 187
1041 1041 1040 1040 1043 1046 1046 1043 1036 1022 1002 986 973 965 955 944 939 933 930 928 929 929 931 933 937 941 944 948 950 951 954 955 956 955 955 953 953 949 946 943 937 934 926 920 915 905 899 888 880 872 860 852 838 827 818 804 797 785 776 769 757 751 742 736 732 728 726 728 731 735 746 754 770 792 816 854 869 869 836 796 716 666 598 561 539 506 484 437 381 328 239
