dome_A_thickness_6.asc
ncols        97
nrows        88
xllcorner    902500.000000000000
yllcorner    148500.000000000000
cellsize     1000.000000000000
NODATA_value 32767
[rows 38 to 75 of 88, columns 0 to 83 of 97]
2811 2803 2785 2778 2784 2809 2837 2893 2927 2975 3010 3038 3078 3096 3105 3083 3049 2984 2951 2930 2959 3002 3090 3137 3179 3173 3154 3103 3065 2999 2939 2884 2789 2736 2667 2638 2629 2623 2617 2586 2532 2479 2383 2331 2277 2266 2272 2299 2323 2370 2416 2460 2540 2588 2656 2696 2720 2757 2780 2831 2893 2951 3049 3098 3141 3131 3104 3036 2987 2904 2834 2775 2671 2609 2511 2432 2370 2272 2224 2172 2168 2184 2228 2257
2729 2725 2716 2714 2723 2747 2773 2823 2852 2894 2921 2941 2969 2982 2990 2976 2953 2909 2889 2888 2932 2987 3093 3148 3196 3184 3156 3085 3035 2953 2884 2825 2723 2667 2597 2570 2564 2565 2563 2542 2497 2451 2369 2325 2277 2266 2269 2289 2308 2348 2391 2432 2508 2555 2625 2672 2704 2756 2788 2845 2905 2958 3044 3086 3119 3105 3077 3006 2957 2874 2806 2750 2650 2591 2496 2418 2355 2256 2207 2161 2166 2191 2254 2294
2678 2675 2667 2665 2674 2695 2717 2760 2786 2824 2849 2867 2895 2909 2923 2918 2904 2879 2871 2885 2941 3006 3124 3186 3238 3222 3186 3099 3039 2945 2871 2809 2704 2647 2573 2541 2529 2522 2518 2495 2455 2415 2345 2309 2272 2266 2272 2297 2318 2362 2408 2452 2532 2579 2648 2691 2717 2758 2783 2832 2885 2934 3014 3052 3082 3067 3039 2970 2922 2842 2779 2726 2634 2578 2489 2413 2351 2252 2204 2159 2164 2190 2253 2293
2643 2640 2631 2628 2634 2652 2670 2707 2730 2764 2789 2808 2838 2854 2875 2879 2874 2864 2865 2894 2959 3031 3161 3227 3282 3263 3222 3122 3054 2951 2873 2809 2703 2644 2565 2526 2508 2489 2479 2452 2414 2379 2321 2291 2264 2266 2277 2309 2335 2385 2437 2484 2570 2619 2686 2720 2738 2761 2775 2810 2857 2901 2977 3013 3041 3027 3000 2934 2889 2814 2754 2706 2621 2569 2485 2412 2351 2255 2207 2162 2165 2187 2244 2282
2600 2596 2585 2580 2581 2593 2607 2635 2653 2684 2709 2730 2766 2787 2819 2835 2841 2853 2867 2913 2991 3073 3216 3289 3348 3324 3275 3159 3082 2966 2883 2818 2709 2649 2564 2514 2484 2445 2425 2389 2355 2327 2284 2266 2255 2267 2287 2333 2367 2428 2487 2541 2634 2685 2748 2769 2771 2765 2762 2774 2811 2850 2920 2955 2982 2969 2943 2883 2842 2774 2722 2679 2605 2559 2483 2414 2357 2264 2217 2170 2167 2182 2226 2257
2557 2553 2541 2534 2532 2540 2549 2569 2584 2611 2638 2661 2703 2729 2771 2799 2816 2847 2873 2935 3024 3113 3267 3343 3405 3378 3323 3195 3109 2983 2896 2829 2719 2656 2565 2503 2462 2403 2373 2329 2298 2277 2252 2244 2249 2274 2302 2364 2406 2477 2543 2600 2697 2747 2804 2813 2801 2767 2749 2742 2769 2804 2870 2904 2930 2917 2894 2839 2801 2740 2694 2658 2594 2554 2486 2421 2367 2277 2230 2181 2171 2177 2205 2228
2498 2497 2490 2485 2485 2491 2497 2511 2522 2548 2576 2601 2648 2678 2729 2767 2795 2845 2881 2957 3053 3145 3304 3381 3443 3413 3354 3217 3127 2993 2902 2833 2719 2654 2556 2485 2434 2358 2319 2270 2245 2233 2227 2232 2256 2293 2332 2409 2459 2537 2602 2657 2746 2791 2837 2836 2816 2768 2741 2723 2745 2777 2839 2872 2897 2884 2861 2807 2771 2715 2675 2645 2593 2559 2498 2437 2385 2296 2249 2195 2176 2172 2181 2195
2439 2446 2451 2453 2460 2470 2476 2489 2500 2525 2555 2581 2630 2663 2718 2761 2793 2851 2891 2970 3063 3152 3302 3375 3431 3401 3343 3209 3121 2988 2895 2824 2705 2637 2534 2459 2405 2324 2283 2237 2220 2217 2229 2244 2282 2328 2374 2461 2514 2592 2647 2690 2754 2786 2819 2817 2801 2763 2743 2732 2756 2788 2850 2882 2905 2890 2864 2806 2768 2711 2674 2648 2604 2575 2518 2458 2405 2314 2264 2205 2178 2165 2160 2167
2372 2389 2412 2424 2444 2459 2468 2483 2494 2521 2553 2581 2634 2668 2726 2772 2806 2867 2907 2983 3068 3148 3280 3344 3392 3362 3310 3186 3103 2976 2883 2808 2683 2611 2504 2428 2372 2290 2251 2210 2203 2211 2243 2271 2324 2381 2434 2530 2585 2658 2697 2720 2747 2759 2773 2775 2769 2754 2749 2755 2785 2819 2882 2913 2935 2916 2886 2819 2777 2716 2682 2660 2624 2599 2546 2486 2431 2335 2282 2214 2178 2155 2133 2131
2321 2347 2385 2405 2437 2457 2468 2485 2497 2526 2560 2589 2644 2678 2737 2784 2819 2880 2920 2992 3070 3141 3258 3314 3354 3326 3277 3164 3087 2966 2872 2796 2666 2591 2482 2404 2349 2268 2230 2195 2196 2212 2258 2294 2359 2422 2480 2582 2639 2707 2732 2738 2735 2730 2730 2736 2739 2747 2755 2777 2813 2850 2914 2945 2966 2944 2910 2837 2790 2726 2693 2673 2643 2621 2571 2509 2453 2353 2297 2223 2179 2149 2114 2105
2262 2298 2355 2386 2431 2458 2473 2494 2507 2539 2573 2603 2656 2691 2748 2795 2831 2894 2933 3001 3069 3130 3228 3274 3305 3279 3236 3136 3067 2953 2860 2781 2647 2569 2457 2380 2325 2246 2211 2182 2191 2215 2277 2321 2397 2467 2531 2640 2697 2760 2768 2754 2714 2691 2675 2686 2703 2740 2766 2810 2853 2894 2961 2993 3012 2987 2949 2867 2816 2748 2715 2697 2672 2653 2604 2541 2484 2380 2320 2238 2185 2147 2097 2080
2212 2257 2332 2373 2431 2464 2483 2507 2522 2553 2585 2610 2656 2686 2739 2786 2825 2892 2933 3001 3064 3119 3206 3245 3271 3247 3207 3116 3052 2944 2852 2774 2638 2560 2448 2372 2317 2240 2206 2180 2192 2219 2286 2333 2413 2487 2553 2666 2724 2783 2780 2753 2689 2654 2629 2648 2677 2740 2782 2845 2897 2942 3013 3046 3066 3040 3000 2914 2860 2788 2754 2736 2710 2691 2641 2578 2520 2414 2353 2267 2208 2164 2102 2079
2196 2245 2328 2374 2439 2475 2497 2524 2539 2568 2591 2607 2634 2654 2698 2746 2788 2866 2913 2990 3057 3115 3206 3248 3276 3251 3211 3117 3052 2944 2854 2778 2647 2571 2462 2386 2332 2254 2219 2189 2195 2216 2271 2313 2385 2455 2521 2634 2693 2754 2753 2729 2671 2639 2621 2646 2680 2753 2799 2870 2926 2974 3049 3083 3106 3083 3046 2963 2910 2838 2800 2778 2743 2719 2664 2601 2544 2443 2384 2300 2242 2197 2135 2112
2195 2246 2334 2385 2455 2495 2519 2551 2567 2590 2600 2601 2600 2605 2634 2683 2730 2822 2880 2970 3047 3113 3216 3264 3299 3274 3230 3128 3059 2947 2860 2788 2665 2594 2490 2415 2361 2282 2244 2206 2200 2209 2242 2271 2328 2392 2454 2565 2624 2691 2700 2687 2650 2630 2628 2660 2697 2774 2822 2896 2955 3006 3085 3122 3150 3133 3100 3025 2976 2905 2861 2830 2780 2747 2684 2621 2566 2472 2418 2341 2287 2246 2190 2169
2203 2253 2344 2397 2469 2511 2538 2573 2589 2608 2607 2595 2572 2565 2583 2631 2683 2785 2850 2952 3038 3111 3226 3281 3321 3295 3249 3140 3066 2952 2867 2799 2684 2617 2517 2444 2390 2310 2270 2225 2208 2206 2218 2235 2278 2335 2393 2501 2561 2632 2651 2649 2632 2625 2637 2675 2715 2791 2839 2914 2977 3029 3112 3151 3184 3171 3143 3075 3029 2959 2910 2873 2809 2769 2699 2635 2583 2495 2445 2375 2325 2288 2238 2220
2222 2270 2361 2415 2488 2530 2559 2596 2612 2626 2612 2587 2539 2519 2523 2572 2627 2740 2813 2928 3023 3106 3237 3299 3348 3322 3272 3154 3076 2959 2878 2816 2712 2652 2559 2488 2436 2355 2313 2259 2228 2211 2196 2197 2219 2265 2317 2417 2475 2550 2582 2595 2608 2617 2650 2695 2736 2812 2860 2936 3002 3057 3145 3188 3226 3219 3197 3139 3097 3028 2974 2928 2849 2800 2721 2658 2609 2529 2485 2423 2379 2347 2305 2292
2256 2299 2384 2434 2502 2542 2568 2604 2619 2628 2608 2577 2518 2492 2490 2536 2592 2707 2783 2902 3004 3093 3236 3305 3361 3336 3285 3163 3083 2968 2894 2839 2750 2698 2615 2549 2500 2422 2379 2317 2273 2242 2200 2185 2185 2217 2257 2342 2394 2468 2509 2535 2575 2601 2653 2706 2749 2827 2875 2954 3024 3084 3180 3227 3272 3271 3253 3200 3161 3094 3036 2986 2896 2841 2758 2696 2651 2578 2538 2483 2444 2416 2380 2369
2295 2331 2402 2444 2501 2533 2554 2582 2594 2603 2589 2566 2523 2505 2510 2553 2602 2704 2771 2882 2982 3070 3215 3285 3344 3322 3273 3157 3081 2973 2908 2861 2786 2743 2670 2610 2565 2492 2450 2387 2337 2299 2242 2218 2201 2218 2246 2309 2351 2414 2456 2487 2540 2573 2636 2693 2740 2821 2872 2956 3032 3096 3199 3251 3301 3302 3285 3233 3194 3128 3072 3023 2936 2883 2802 2742 2698 2627 2588 2533 2494 2466 2429 2417
2346 2371 2422 2452 2492 2512 2525 2541 2548 2558 2557 2551 2540 2539 2559 2597 2635 2713 2765 2858 2951 3036 3179 3249 3311 3293 3249 3142 3073 2978 2924 2887 2830 2796 2737 2686 2647 2581 2542 2478 2424 2380 2311 2277 2243 2242 2252 2286 2312 2358 2398 2432 2494 2534 2606 2668 2718 2805 2858 2949 3031 3100 3213 3270 3326 3329 3311 3257 3217 3153 3101 3058 2980 2933 2858 2800 2756 2684 2644 2587 2546 2516 2474 2460
2390 2405 2438 2458 2484 2494 2499 2505 2508 2519 2531 2540 2558 2573 2606 2641 2670 2726 2766 2842 2929 3011 3149 3219 3282 3267 3227 3130 3067 2982 2937 2908 2864 2837 2788 2744 2709 2650 2613 2551 2495 2448 2371 2331 2285 2269 2266 2276 2290 2322 2358 2393 2461 2505 2583 2647 2699 2790 2846 2941 3028 3101 3222 3282 3343 3346 3327 3270 3229 3165 3118 3080 3012 2970 2902 2845 2801 2728 2687 2628 2585 2553 2508 2492
2450 2454 2463 2470 2476 2474 2469 2462 2461 2474 2501 2530 2586 2621 2672 2702 2720 2750 2774 2830 2908 2984 3117 3185 3248 3238 3203 3118 3063 2991 2956 2935 2905 2886 2849 2813 2784 2734 2701 2642 2584 2535 2451 2405 2346 2314 2295 2277 2274 2289 2320 2355 2428 2477 2559 2626 2680 2774 2833 2933 3025 3104 3233 3297 3363 3365 3344 3281 3238 3174 3132 3101 3046 3012 2953 2900 2856 2783 2741 2681 2636 2601 2553 2534
2522 2514 2501 2493 2482 2469 2455 2436 2432 2446 2486 2532 2619 2671 2738 2766 2776 2788 2799 2840 2909 2980 3105 3170 3231 3224 3195 3120 3072 3010 2981 2965 2941 2926 2896 2867 2844 2803 2775 2721 2665 2616 2531 2482 2415 2372 2341 2302 2288 2288 2315 2349 2424 2475 2559 2626 2680 2774 2833 2935 3031 3114 3250 3318 3386 3385 3359 3287 3239 3172 3135 3109 3067 3040 2991 2943 2904 2836 2796 2739 2695 2661 2612 2593
2582 2569 2544 2529 2508 2489 2473 2450 2444 2458 2502 2551 2648 2704 2778 2808 2819 2831 2841 2881 2947 3013 3130 3191 3249 3243 3215 3145 3100 3039 3008 2987 2956 2937 2904 2877 2858 2824 2801 2754 2704 2660 2581 2536 2473 2431 2400 2357 2341 2338 2362 2393 2464 2511 2591 2655 2705 2795 2852 2951 3046 3130 3268 3337 3403 3397 3364 3280 3225 3152 3115 3091 3054 3031 2989 2948 2915 2858 2824 2776 2738 2708 2664 2647
2651 2634 2599 2577 2548 2527 2509 2485 2478 2493 2536 2586 2682 2740 2816 2851 2868 2889 2904 2947 3010 3072 3180 3235 3287 3280 3254 3187 3143 3080 3040 3011 2963 2935 2894 2867 2850 2824 2807 2771 2730 2694 2630 2594 2542 2507 2480 2443 2429 2427 2447 2474 2534 2575 2645 2702 2747 2829 2881 2974 3068 3151 3289 3358 3419 3404 3362 3262 3198 3116 3076 3052 3018 3000 2965 2933 2908 2866 2842 2806 2777 2753 2718 2705
2701 2682 2640 2615 2581 2559 2541 2517 2511 2525 2567 2614 2708 2764 2841 2881 2903 2934 2955 3003 3065 3123 3224 3275 3321 3313 3288 3223 3178 3112 3064 3026 2963 2927 2877 2849 2834 2814 2801 2773 2740 2711 2661 2632 2592 2564 2544 2515 2505 2505 2523 2546 2596 2632 2693 2744 2785 2859 2907 2995 3086 3168 3305 3373 3429 3407 3358 3245 3175 3084 3042 3018 2986 2970 2941 2915 2897 2868 2852 2827 2805 2786 2759 2750
2763 2743 2695 2665 2628 2606 2589 2568 2563 2576 2614 2657 2741 2793 2869 2916 2948 2997 3028 3085 3146 3201 3291 3335 3373 3363 3338 3273 3227 3154 3094 3042 2954 2906 2841 2810 2796 2782 2775 2758 2737 2719 2690 2673 2652 2639 2630 2620 2619 2627 2644 2662 2700 2727 2776 2818 2852 2913 2954 3032 3118 3197 3331 3396 3445 3412 3353 3221 3141 3039 2994 2969 2940 2927 2907 2892 2884 2875 2871 2863 2853 2842 2828 2825
2780 2760 2712 2681 2644 2624 2609 2591 2587 2601 2636 2674 2751 2799 2873 2924 2961 3022 3058 3122 3183 3236 3322 3363 3397 3385 3358 3291 3244 3166 3099 3041 2941 2885 2813 2779 2763 2749 2743 2730 2714 2702 2682 2673 2663 2661 2661 2666 2673 2690 2710 2728 2765 2789 2834 2871 2900 2953 2990 3060 3142 3219 3349 3411 3456 3417 3353 3214 3129 3023 2977 2953 2927 2917 2902 2893 2891 2893 2895 2897 2893 2888 2881 2882
2766 2747 2702 2675 2641 2624 2611 2596 2594 2608 2640 2675 2744 2789 2860 2912 2951 3018 3058 3125 3188 3241 3326 3367 3399 3386 3358 3288 3238 3157 3087 3027 2923 2865 2789 2752 2734 2715 2708 2693 2678 2666 2650 2643 2640 2645 2653 2671 2685 2713 2739 2761 2803 2829 2875 2911 2937 2985 3017 3082 3160 3235 3362 3422 3463 3423 3358 3216 3131 3025 2980 2958 2935 2926 2915 2910 2910 2916 2920 2927 2926 2924 2921 2925
2701 2686 2657 2639 2619 2609 2602 2596 2597 2611 2636 2662 2714 2749 2809 2861 2904 2979 3024 3098 3164 3220 3309 3351 3383 3367 3335 3257 3203 3115 3043 2982 2877 2819 2738 2694 2668 2635 2620 2597 2579 2566 2551 2547 2553 2573 2596 2643 2674 2726 2768 2803 2862 2896 2950 2985 3008 3045 3070 3125 3196 3265 3382 3437 3474 3433 3368 3230 3148 3046 3005 2985 2967 2962 2956 2953 2956 2965 2972 2982 2986 2986 2989 2996
2647 2636 2618 2608 2597 2592 2589 2589 2593 2608 2628 2648 2688 2717 2771 2822 2866 2945 2994 3072 3141 3199 3292 3335 3368 3350 3315 3231 3173 3082 3009 2949 2846 2788 2706 2656 2625 2582 2561 2531 2509 2494 2477 2474 2486 2514 2546 2612 2654 2722 2776 2819 2891 2932 2993 3029 3049 3080 3102 3150 3217 3282 3393 3445 3479 3439 3376 3243 3163 3066 3028 3010 2996 2992 2988 2986 2989 2998 3005 3017 3022 3023 3029 3038
2557 2551 2547 2548 2551 2554 2558 2567 2575 2592 2607 2619 2643 2663 2708 2759 2806 2892 2945 3030 3104 3166 3266 3312 3346 3324 3283 3188 3125 3027 2954 2896 2798 2742 2659 2601 2561 2502 2471 2429 2400 2381 2358 2355 2372 2413 2458 2550 2609 2702 2773 2829 2922 2973 3045 3084 3103 3127 3143 3185 3245 3305 3406 3454 3486 3449 3391 3269 3196 3108 3075 3061 3051 3050 3049 3048 3049 3056 3062 3073 3079 3082 3091 3103
2504 2497 2497 2501 2509 2516 2523 2540 2551 2571 2585 2594 2613 2630 2673 2726 2775 2866 2923 3013 3090 3156 3259 3307 3341 3315 3270 3167 3098 2995 2922 2866 2773 2719 2636 2574 2530 2461 2424 2374 2340 2317 2289 2283 2301 2348 2400 2506 2574 2679 2759 2822 2925 2982 3060 3101 3120 3143 3158 3198 3257 3314 3411 3457 3489 3456 3404 3292 3225 3145 3116 3104 3099 3099 3099 3097 3097 3100 3104 3113 3120 3124 3135 3148
2478 2468 2463 2465 2471 2478 2487 2507 2521 2545 2561 2572 2593 2612 2658 2714 2766 2862 2921 3015 3094 3161 3267 3315 3349 3320 3271 3160 3088 2981 2909 2854 2765 2713 2631 2567 2520 2446 2406 2351 2313 2286 2252 2244 2260 2307 2362 2473 2544 2654 2737 2802 2908 2967 3048 3092 3113 3140 3156 3198 3257 3315 3411 3458 3493 3465 3418 3315 3254 3182 3156 3147 3144 3145 3145 3141 3139 3138 3139 3145 3151 3156 3169 3182
2445 2424 2402 2395 2391 2395 2405 2429 2447 2479 2503 2522 2558 2585 2644 2708 2765 2870 2934 3034 3117 3187 3296 3345 3376 3341 3285 3160 3080 2966 2895 2844 2764 2716 2638 2573 2523 2442 2397 2333 2286 2251 2203 2187 2194 2239 2293 2405 2478 2590 2674 2739 2847 2907 2993 3043 3071 3109 3132 3184 3249 3308 3409 3459 3502 3487 3452 3373 3324 3267 3249 3244 3244 3246 3244 3236 3228 3215 3209 3206 3210 3216 3231 3242
2431 2402 2366 2351 2339 2341 2351 2378 2398 2435 2466 2491 2538 2572 2640 2709 2770 2880 2947 3050 3135 3207 3317 3366 3396 3357 3297 3163 3079 2960 2890 2842 2767 2724 2648 2583 2532 2449 2401 2332 2280 2240 2182 2161 2161 2202 2254 2364 2436 2547 2629 2693 2799 2860 2948 3002 3034 3081 3110 3170 3238 3300 3404 3456 3506 3500 3473 3407 3367 3320 3306 3303 3305 3307 3304 3292 3280 3259 3249 3240 3242 3248 3263 3273
2409 2368 2311 2285 2261 2260 2271 2303 2328 2374 2414 2448 2512 2555 2637 2714 2779 2895 2964 3071 3161 3234 3347 3397 3426 3381 3314 3168 3077 2953 2884 2841 2775 2737 2668 2604 2554 2469 2420 2346 2286 2238 2166 2137 2124 2158 2205 2308 2376 2481 2558 2619 2722 2781 2870 2930 2970 3031 3068 3139 3213 3277 3386 3441 3500 3506 3491 3446 3417 3384 3378 3378 3382 3384 3378 3361 3343 3310 3293 3274 3273 3279 3294 3302
2391 2345 2278 2247 2217 2217 2230 2268 2297 2350 2395 2432 2502 2549 2635 2714 2781 2898 2968 3076 3167 3242 3358 3409 3437 3390 3319 3166 3072 2945 2878 2837 2778 2743 2679 2619 2571 2489 2442 2367 2304 2253 2174 2139 2119 2147 2189 2284 2347 2446 2520 2578 2676 2734 2823 2885 2928 2995 3036 3112 3187 3252 3360 3416 3478 3489 3479 3443 3420 3394 3390 3392 3398 3399 3392 3373 3352 3314 3293 3269 3266 3271 3285 3291
2374 2327 2258 2226 2197 2200 2217 2261 2294 2351 2397 2434 2502 2548 2632 2710 2775 2890 2959 3067 3159 3235 3354 3406 3436 3388 3316 3161 3065 2938 2871 2831 2774 2742 2681 2625 2581 2507 2463 2392 2330 2278 2196 2160 2135 2159 2197 2284 2343 2436 2505 2561 2655 2711 2798 2860 2902 2971 3013 3088 3162 3225 3329 3383 3443 3454 3445 3412 3390 3366 3363 3365 3372 3374 3367 3347 3326 3286 3264 3239 3235 3239 3251 3256
