dome_A_thickness_6.asc
ncols        97
nrows        88
xllcorner    902500.000000000000
yllcorner    148500.000000000000
cellsize     1000.000000000000
NODATA_value 32767
[rows 0 to 37 of 88, columns 0 to 83 of 97]
2398 2445 2524 2567 2621 2647 2661 2671 2670 2654 2625 2593 2529 2489 2432 2395 2368 2326 2304 2274 2253 2238 2220 2217 2227 2254 2282 2343 2385 2460 2524 2577 2671 2731 2832 2929 3012 3149 3216 3279 3272 3241 3157 3099 3010 2945 2893 2804 2751 2667 2601 2551 2472 2430 2373 2344 2331 2318 2312 2296 2281 2269 2249 2234 2202 2159 2116 2044 2011 1998 2033 2081 2185 2254 2366 2466 2553 2697 2767 2827 2807 2759 2646 2574
2381 2428 2512 2560 2623 2658 2680 2706 2714 2711 2688 2660 2601 2563 2506 2465 2433 2382 2355 2318 2297 2284 2270 2268 2278 2299 2322 2371 2406 2473 2534 2586 2680 2739 2840 2934 3016 3149 3215 3273 3261 3224 3132 3069 2975 2908 2855 2766 2714 2636 2579 2538 2476 2443 2400 2380 2374 2370 2367 2354 2333 2314 2279 2255 2214 2170 2127 2058 2028 2017 2052 2099 2203 2272 2384 2485 2574 2721 2793 2852 2826 2772 2647 2568
2364 2411 2498 2550 2620 2664 2694 2735 2751 2759 2742 2717 2661 2625 2567 2523 2487 2427 2395 2354 2333 2321 2312 2312 2321 2339 2356 2396 2426 2486 2545 2596 2690 2750 2849 2940 3018 3147 3208 3261 3244 3203 3104 3037 2939 2870 2817 2728 2678 2606 2557 2525 2478 2455 2424 2412 2411 2414 2415 2402 2376 2351 2302 2271 2222 2176 2134 2068 2040 2031 2067 2113 2216 2284 2396 2498 2589 2738 2809 2868 2837 2777 2641 2558
2339 2384 2476 2533 2613 2668 2709 2772 2800 2823 2813 2792 2740 2704 2646 2598 2556 2486 2448 2401 2380 2371 2366 2369 2379 2392 2404 2432 2456 2508 2564 2615 2710 2770 2866 2952 3025 3143 3198 3242 3217 3170 3062 2991 2888 2819 2765 2679 2632 2567 2530 2509 2483 2472 2458 2456 2462 2475 2478 2466 2434 2400 2334 2294 2234 2186 2146 2086 2062 2056 2092 2137 2237 2304 2414 2516 2607 2758 2830 2886 2849 2782 2634 2545
2305 2351 2447 2509 2600 2667 2721 2806 2847 2886 2884 2866 2816 2780 2721 2670 2624 2545 2503 2451 2430 2423 2423 2428 2439 2448 2456 2476 2495 2541 2597 2649 2747 2807 2900 2978 3043 3145 3191 3221 3188 3136 3020 2946 2840 2771 2720 2639 2597 2542 2515 2503 2495 2494 2494 2502 2516 2540 2549 2539 2501 2458 2374 2323 2254 2208 2174 2125 2107 2108 2142 2184 2276 2338 2442 2542 2632 2782 2854 2907 2865 2792 2634 2541
2271 2318 2420 2486 2586 2662 2725 2825 2875 2924 2924 2906 2853 2815 2753 2701 2654 2574 2530 2478 2458 2451 2452 2458 2470 2480 2488 2508 2527 2575 2634 2690 2794 2857 2949 3020 3076 3161 3196 3214 3175 3120 3000 2925 2820 2753 2705 2632 2594 2545 2522 2512 2508 2510 2516 2531 2551 2587 2601 2595 2554 2506 2410 2354 2281 2240 2213 2179 2170 2177 2208 2245 2325 2380 2474 2570 2658 2806 2876 2928 2883 2808 2647 2553
2229 2277 2385 2457 2566 2652 2724 2841 2900 2958 2958 2938 2879 2836 2770 2716 2669 2590 2547 2496 2476 2470 2472 2478 2493 2505 2515 2541 2563 2616 2682 2744 2858 2925 3017 3079 3124 3186 3209 3210 3165 3107 2985 2911 2807 2744 2700 2635 2603 2560 2539 2529 2524 2525 2534 2557 2584 2634 2655 2656 2613 2559 2452 2390 2315 2282 2264 2250 2251 2266 2294 2323 2387 2431 2513 2603 2689 2832 2901 2950 2904 2828 2666 2573
2197 2246 2359 2434 2549 2642 2721 2850 2914 2978 2979 2957 2892 2847 2777 2723 2677 2600 2558 2509 2489 2483 2485 2492 2508 2523 2536 2566 2591 2649 2720 2787 2909 2979 3071 3125 3161 3205 3217 3206 3156 3096 2974 2900 2799 2739 2700 2643 2614 2577 2556 2545 2537 2538 2548 2575 2607 2666 2692 2698 2653 2596 2483 2417 2341 2314 2305 2307 2315 2338 2362 2386 2436 2472 2544 2628 2711 2850 2917 2965 2918 2842 2682 2590
2162 2212 2328 2405 2527 2627 2713 2854 2925 2997 2999 2976 2907 2859 2788 2735 2691 2617 2578 2531 2512 2505 2507 2513 2531 2548 2565 2601 2630 2694 2770 2841 2970 3042 3131 3175 3199 3220 3219 3193 3138 3076 2955 2883 2786 2733 2700 2654 2632 2602 2582 2570 2559 2558 2568 2598 2635 2702 2732 2743 2696 2636 2515 2447 2371 2353 2355 2377 2396 2427 2448 2464 2497 2523 2580 2658 2735 2868 2932 2977 2930 2856 2700 2613
2142 2190 2304 2381 2504 2607 2696 2845 2920 2999 3007 2988 2926 2882 2817 2769 2729 2660 2624 2579 2560 2552 2551 2556 2572 2591 2610 2650 2681 2746 2821 2892 3017 3085 3165 3197 3209 3207 3195 3155 3097 3035 2918 2850 2761 2717 2693 2665 2652 2633 2617 2606 2593 2590 2598 2627 2663 2728 2757 2766 2718 2655 2531 2463 2391 2383 2397 2440 2470 2510 2527 2537 2554 2569 2612 2680 2750 2871 2930 2971 2927 2858 2714 2634
2149 2194 2300 2373 2490 2589 2676 2821 2897 2980 2998 2989 2949 2917 2867 2826 2790 2726 2690 2646 2625 2615 2607 2608 2619 2637 2655 2695 2725 2785 2851 2913 3021 3080 3146 3168 3173 3162 3144 3100 3041 2981 2869 2806 2726 2693 2680 2671 2669 2663 2653 2646 2635 2632 2636 2657 2684 2731 2751 2748 2697 2635 2514 2448 2382 2382 2402 2459 2495 2542 2558 2564 2573 2582 2616 2675 2737 2845 2898 2935 2897 2835 2708 2638
2172 2211 2305 2370 2477 2569 2649 2786 2858 2945 2977 2984 2975 2961 2934 2904 2873 2813 2779 2734 2710 2694 2676 2671 2674 2689 2706 2745 2773 2824 2876 2924 3006 3049 3096 3108 3108 3091 3072 3028 2970 2912 2807 2749 2682 2663 2663 2679 2691 2702 2701 2698 2691 2688 2686 2693 2704 2721 2724 2704 2649 2587 2473 2412 2355 2362 2389 2457 2500 2552 2568 2573 2575 2580 2605 2654 2705 2796 2841 2874 2844 2793 2690 2634
2197 2231 2314 2372 2469 2553 2627 2753 2823 2911 2954 2975 2992 2994 2986 2965 2938 2882 2849 2804 2778 2759 2733 2723 2719 2731 2747 2784 2810 2852 2892 2927 2986 3016 3047 3053 3049 3029 3010 2967 2912 2856 2757 2704 2647 2639 2650 2684 2707 2731 2736 2737 2734 2731 2723 2718 2715 2707 2696 2660 2603 2543 2436 2381 2331 2343 2375 2451 2497 2553 2569 2573 2573 2575 2594 2635 2679 2756 2794 2824 2800 2759 2675 2630
2236 2264 2330 2377 2459 2532 2596 2708 2772 2861 2917 2954 3005 3026 3043 3034 3013 2965 2934 2891 2863 2841 2808 2793 2782 2789 2804 2836 2857 2888 2910 2928 2956 2969 2979 2975 2967 2945 2926 2885 2833 2783 2694 2648 2604 2610 2633 2688 2722 2760 2773 2778 2780 2776 2762 2742 2723 2682 2654 2600 2541 2485 2390 2344 2305 2323 2360 2443 2493 2553 2571 2574 2572 2572 2585 2618 2652 2712 2743 2768 2752 2723 2662 2632
2290 2308 2353 2387 2450 2509 2561 2654 2710 2796 2862 2913 2992 3031 3071 3074 3062 3026 3000 2965 2941 2921 2890 2874 2860 2864 2874 2898 2911 2926 2929 2929 2926 2920 2907 2892 2879 2851 2832 2793 2748 2706 2633 2597 2568 2584 2614 2681 2721 2767 2785 2794 2800 2796 2777 2745 2712 2646 2604 2539 2483 2436 2360 2325 2301 2326 2367 2454 2507 2569 2589 2594 2592 2592 2602 2627 2653 2700 2723 2745 2736 2716 2676 2657
2335 2345 2372 2395 2440 2487 2529 2606 2655 2734 2800 2855 2944 2990 3042 3055 3052 3031 3015 2994 2981 2970 2952 2943 2933 2934 2939 2950 2955 2955 2945 2934 2910 2894 2866 2842 2822 2788 2766 2729 2692 2659 2605 2580 2562 2579 2607 2666 2702 2743 2759 2768 2774 2770 2750 2715 2678 2606 2562 2499 2453 2416 2361 2337 2327 2356 2397 2483 2534 2596 2620 2628 2633 2636 2651 2676 2701 2744 2767 2787 2780 2764 2728 2711
2387 2387 2393 2402 2428 2460 2490 2549 2588 2657 2720 2774 2866 2916 2978 3003 3010 3010 3007 3006 3010 3013 3018 3019 3018 3016 3014 3008 3002 2983 2960 2938 2897 2871 2829 2796 2770 2726 2702 2666 2639 2619 2591 2579 2573 2586 2606 2647 2671 2699 2710 2716 2720 2715 2695 2660 2623 2553 2512 2458 2425 2403 2374 2365 2371 2403 2442 2521 2568 2629 2657 2672 2689 2700 2723 2753 2781 2827 2850 2871 2864 2848 2811 2790
2429 2422 2412 2410 2421 2441 2463 2508 2540 2599 2658 2710 2801 2852 2919 2951 2967 2982 2989 3005 3023 3038 3062 3073 3081 3077 3069 3049 3034 3002 2969 2940 2887 2854 2803 2763 2732 2683 2656 2622 2603 2593 2584 2582 2584 2593 2605 2629 2642 2657 2663 2667 2668 2664 2644 2611 2577 2512 2475 2431 2410 2399 2391 2393 2411 2445 2482 2554 2598 2657 2689 2709 2736 2752 2784 2818 2849 2899 2923 2945 2937 2919 2878 2854
2489 2472 2443 2429 2421 2428 2438 2466 2489 2535 2586 2634 2719 2769 2839 2878 2902 2936 2954 2989 3025 3056 3105 3129 3149 3143 3129 3093 3066 3018 2975 2937 2870 2830 2768 2721 2685 2629 2601 2568 2559 2562 2575 2585 2595 2597 2597 2597 2596 2594 2594 2595 2595 2592 2577 2548 2519 2464 2435 2405 2401 2405 2422 2439 2472 2508 2542 2605 2643 2699 2735 2759 2797 2820 2859 2898 2932 2986 3011 3033 3024 3004 2958 2929
2566 2541 2496 2471 2446 2440 2441 2452 2465 2498 2539 2578 2653 2697 2763 2804 2832 2874 2900 2948 2999 3044 3118 3154 3186 3180 3162 3113 3078 3017 2965 2920 2840 2793 2722 2670 2632 2573 2544 2514 2513 2524 2554 2571 2585 2578 2567 2543 2529 2512 2509 2511 2516 2517 2511 2492 2471 2432 2414 2402 2414 2433 2475 2504 2551 2590 2621 2676 2709 2759 2795 2820 2859 2883 2923 2961 2994 3045 3070 3088 3077 3057 3009 2976
2635 2607 2557 2529 2497 2486 2482 2484 2491 2513 2543 2574 2633 2669 2722 2755 2777 2812 2835 2882 2937 2987 3074 3117 3157 3154 3136 3086 3049 2986 2931 2883 2798 2748 2675 2625 2588 2535 2509 2482 2482 2493 2522 2538 2548 2534 2515 2476 2454 2432 2432 2439 2457 2468 2477 2470 2459 2438 2430 2434 2456 2482 2535 2569 2623 2663 2695 2748 2778 2822 2851 2870 2898 2914 2943 2973 2999 3040 3059 3072 3060 3041 2997 2967
2710 2683 2634 2606 2572 2558 2551 2546 2548 2558 2575 2593 2630 2652 2685 2704 2714 2731 2746 2784 2839 2893 2988 3037 3086 3086 3071 3026 2991 2931 2876 2828 2741 2691 2620 2575 2544 2501 2481 2458 2455 2463 2483 2493 2492 2469 2440 2386 2358 2333 2340 2356 2394 2418 2448 2459 2462 2465 2470 2491 2524 2555 2614 2650 2707 2749 2781 2834 2862 2899 2918 2926 2933 2936 2947 2963 2979 3005 3016 3020 3007 2991 2954 2928
2767 2742 2696 2669 2636 2620 2612 2604 2603 2604 2611 2619 2637 2648 2664 2669 2669 2669 2675 2704 2757 2812 2912 2966 3019 3024 3012 2972 2941 2885 2832 2784 2698 2648 2580 2540 2515 2481 2465 2445 2440 2443 2452 2456 2446 2415 2380 2317 2285 2259 2272 2295 2349 2384 2431 2455 2470 2493 2508 2543 2582 2616 2677 2714 2771 2814 2848 2900 2927 2959 2968 2966 2955 2947 2941 2946 2953 2966 2970 2967 2954 2940 2909 2886
2857 2835 2793 2769 2737 2722 2715 2706 2702 2693 2684 2678 2667 2661 2649 2632 2614 2587 2578 2590 2638 2693 2798 2856 2917 2928 2922 2894 2869 2821 2772 2725 2641 2593 2529 2497 2479 2459 2450 2433 2421 2415 2406 2398 2373 2333 2292 2221 2186 2162 2183 2217 2293 2341 2412 2457 2489 2541 2572 2627 2674 2711 2774 2810 2867 2911 2946 2998 3023 3045 3038 3021 2979 2953 2920 2907 2900 2892 2886 2872 2857 2845 2821 2803
2918 2895 2854 2831 2800 2787 2781 2776 2773 2761 2745 2731 2705 2689 2661 2631 2603 2559 2542 2543 2586 2641 2747 2806 2871 2886 2885 2865 2845 2803 2756 2710 2626 2578 2515 2486 2471 2457 2449 2432 2415 2403 2381 2365 2333 2292 2251 2183 2151 2132 2157 2193 2275 2328 2407 2461 2502 2570 2610 2675 2727 2766 2829 2866 2921 2965 3000 3051 3073 3088 3071 3044 2984 2947 2898 2874 2859 2839 2828 2806 2788 2775 2752 2736
2956 2932 2888 2864 2834 2823 2821 2823 2823 2813 2796 2779 2746 2725 2690 2654 2621 2568 2546 2541 2582 2634 2739 2799 2864 2882 2885 2871 2854 2817 2771 2725 2640 2590 2526 2496 2482 2466 2457 2438 2416 2400 2370 2352 2318 2280 2245 2189 2163 2150 2174 2208 2283 2332 2409 2465 2509 2584 2628 2697 2751 2790 2853 2889 2943 2986 3019 3069 3090 3100 3078 3045 2976 2933 2876 2846 2829 2804 2790 2764 2742 2727 2700 2682
3011 2983 2933 2906 2877 2875 2883 2904 2914 2915 2899 2880 2840 2814 2770 2727 2688 2624 2595 2581 2615 2663 2761 2817 2882 2905 2914 2914 2905 2875 2832 2786 2698 2647 2578 2544 2525 2501 2488 2460 2431 2407 2365 2342 2309 2286 2269 2247 2239 2242 2260 2282 2329 2362 2421 2475 2521 2601 2649 2722 2774 2811 2869 2902 2951 2992 3023 3069 3087 3091 3062 3022 2940 2890 2823 2789 2769 2741 2725 2694 2665 2642 2602 2578
3039 3007 2953 2925 2897 2900 2915 2950 2968 2979 2965 2946 2905 2877 2831 2785 2743 2673 2641 2623 2652 2696 2788 2842 2905 2931 2944 2952 2947 2923 2881 2835 2746 2693 2621 2583 2561 2530 2513 2479 2444 2415 2366 2340 2310 2298 2294 2297 2302 2316 2330 2342 2369 2390 2435 2484 2529 2610 2658 2731 2781 2816 2871 2902 2948 2986 3016 3059 3075 3076 3042 2999 2911 2858 2786 2750 2730 2702 2686 2652 2618 2589 2540 2511
3075 3039 2978 2948 2922 2935 2961 3017 3047 3073 3066 3051 3014 2986 2939 2891 2845 2767 2730 2703 2725 2762 2843 2892 2951 2980 2998 3018 3020 3003 2963 2917 2827 2772 2695 2651 2623 2581 2557 2513 2469 2432 2371 2341 2314 2319 2336 2378 2404 2436 2444 2444 2443 2446 2469 2509 2549 2625 2672 2740 2787 2820 2872 2901 2943 2976 3003 3039 3051 3045 3006 2958 2862 2804 2727 2689 2667 2638 2621 2583 2540 2504 2440 2404
3093 3057 2993 2961 2937 2955 2987 3054 3091 3127 3127 3118 3089 3065 3021 2971 2923 2839 2797 2763 2779 2812 2885 2930 2986 3015 3036 3061 3066 3053 3014 2969 2878 2823 2744 2697 2665 2617 2588 2538 2487 2444 2374 2340 2312 2326 2354 2417 2455 2499 2508 2505 2494 2491 2505 2539 2573 2641 2683 2746 2792 2826 2881 2911 2953 2983 3005 3033 3041 3027 2983 2932 2831 2771 2689 2647 2623 2590 2570 2528 2481 2441 2371 2332
3102 3066 3001 2970 2947 2967 3001 3072 3112 3154 3161 3159 3142 3125 3087 3037 2986 2896 2851 2810 2822 2851 2918 2960 3012 3040 3061 3087 3094 3082 3044 3000 2911 2856 2777 2728 2695 2643 2612 2557 2501 2453 2375 2337 2307 2323 2355 2428 2471 2523 2536 2537 2532 2531 2545 2574 2602 2656 2691 2748 2794 2832 2895 2929 2973 3000 3018 3038 3040 3019 2971 2918 2815 2752 2667 2621 2594 2555 2532 2486 2436 2394 2323 2284
3108 3074 3011 2980 2958 2981 3015 3087 3131 3183 3207 3223 3238 3238 3218 3171 3116 3014 2960 2907 2910 2931 2986 3021 3064 3089 3108 3134 3141 3130 3093 3052 2968 2915 2837 2786 2750 2693 2657 2594 2529 2472 2378 2333 2296 2312 2347 2427 2477 2541 2570 2586 2606 2617 2638 2656 2667 2687 2703 2741 2791 2838 2922 2968 3022 3043 3052 3052 3042 3006 2953 2898 2792 2728 2637 2584 2549 2497 2467 2412 2359 2316 2245 2207
3102 3071 3011 2980 2961 2984 3017 3088 3132 3191 3231 3262 3306 3322 3319 3274 3218 3108 3047 2985 2982 2997 3042 3071 3108 3128 3145 3167 3173 3161 3125 3086 3006 2956 2880 2828 2791 2730 2691 2622 2551 2487 2382 2331 2286 2301 2335 2416 2469 2541 2584 2615 2662 2686 2718 2726 2723 2712 2712 2734 2786 2842 2946 3002 3064 3081 3082 3065 3044 2996 2938 2882 2776 2711 2618 2557 2516 2453 2416 2355 2301 2259 2191 2155
3090 3062 3005 2976 2958 2980 3012 3081 3125 3189 3238 3280 3343 3370 3378 3337 3280 3165 3101 3034 3027 3040 3080 3106 3138 3155 3168 3186 3190 3176 3141 3103 3026 2977 2902 2850 2813 2751 2711 2639 2564 2496 2384 2329 2280 2292 2325 2405 2458 2535 2587 2629 2696 2730 2769 2772 2759 2730 2718 2730 2785 2847 2963 3027 3094 3107 3102 3073 3045 2988 2927 2870 2764 2700 2604 2539 2493 2422 2381 2315 2262 2221 2158 2125
3056 3032 2980 2954 2940 2963 2993 3059 3103 3170 3228 3280 3362 3399 3421 3384 3328 3213 3148 3080 3073 3085 3123 3147 3175 3186 3194 3202 3200 3180 3143 3105 3029 2981 2908 2858 2822 2762 2724 2652 2574 2504 2386 2327 2273 2281 2311 2386 2438 2518 2580 2634 2722 2767 2816 2816 2796 2751 2730 2734 2791 2859 2987 3057 3128 3136 3123 3077 3040 2971 2907 2849 2743 2679 2581 2510 2458 2376 2329 2260 2211 2176 2126 2102
3007 2987 2943 2921 2911 2935 2965 3029 3071 3136 3194 3244 3325 3362 3385 3351 3299 3192 3132 3070 3068 3085 3130 3158 3186 3193 3196 3191 3182 3153 3112 3071 2992 2944 2872 2826 2795 2745 2712 2647 2572 2503 2386 2327 2271 2276 2300 2367 2415 2490 2553 2607 2700 2749 2803 2809 2795 2758 2742 2752 2811 2879 3006 3074 3141 3144 3127 3072 3030 2955 2889 2830 2724 2660 2561 2487 2432 2343 2295 2227 2186 2162 2131 2118
2959 2942 2905 2887 2881 2906 2935 2997 3038 3100 3153 3198 3271 3304 3325 3294 3246 3147 3093 3040 3045 3068 3122 3154 3186 3189 3186 3170 3154 3116 3070 3026 2944 2894 2824 2782 2757 2719 2693 2637 2566 2500 2387 2329 2272 2272 2292 2348 2390 2458 2517 2570 2662 2711 2770 2785 2779 2760 2753 2773 2833 2899 3021 3085 3147 3146 3126 3066 3021 2943 2875 2816 2710 2646 2546 2470 2412 2320 2271 2208 2176 2162 2152 2149
2867 2856 2831 2820 2822 2847 2876 2934 2971 3025 3066 3101 3153 3177 3190 3164 3125 3046 3004 2970 2990 3026 3100 3141 3179 3177 3164 3126 3097 3042 2986 2936 2846 2794 2725 2692 2678 2661 2648 2608 2548 2490 2386 2331 2275 2268 2278 2315 2345 2399 2451 2498 2582 2631 2696 2728 2741 2758 2772 2811 2873 2935 3043 3097 3147 3140 3115 3049 3001 2919 2850 2791 2685 2622 2523 2445 2384 2288 2239 2183 2169 2175 2200 2218
