dome_A_surface.asc
ncols        93
nrows        89
xllcorner    829500.000000000000
yllcorner    302500.000000000000
cellsize     1000.000000000000
NODATA_value 32767
[rows 41 to 81 of 89, columns 0 to 90 of 93]
1061 1062 1061 1062 1067 1071 1073 1068 1060 1044 1020 1001 985 976 964 951 945 937 933 932 932 933 935 938 943 947 950 954 955 958 960 960 962 961 961 959 957 954 950 947 941 937 929 922 916 905 900 888 878 870 856 846 830 817 807 790 782 767 755 746 732 723 710 702 696 687 685 682 684 686 693 699 711 729 747 778 791 794 773 745 691 657 614 596 588 579 569 533 478 423 324
1074 1075 1075 1077 1082 1088 1090 1086 1077 1059 1032 1010 992 982 969 955 947 939 935 934 935 936 939 943 947 953 955 959 961 962 964 965 966 966 965 963 962 958 954 950 944 939 931 923 917 907 901 888 878 869 853 843 825 811 799 781 770 754 740 730 712 702 687 676 668 657 653 648 647 647 651 655 664 678 691 716 727 733 721 704 669 649 625 621 625 635 634 609 555 500 395
1087 1088 1089 1092 1098 1105 1108 1103 1093 1072 1041 1016 997 984 971 955 949 941 937 935 937 940 943 947 951 957 959 963 965 968 970 971 973 972 972 969 967 963 958 954 948 943 934 926 920 909 902 889 877 868 851 839 819 803 790 769 757 736 720 708 686 674 655 642 632 617 610 601 597 595 594 595 600 608 618 636 646 655 653 648 638 634 632 646 663 694 704 693 644 589 482
1097 1097 1099 1100 1107 1114 1116 1111 1100 1077 1042 1015 993 981 965 951 945 938 934 934 938 941 946 951 955 961 964 969 972 975 978 979 980 980 979 976 974 969 965 961 954 949 939 931 925 913 905 891 878 868 848 837 814 795 781 756 742 717 698 682 656 641 617 600 587 567 558 543 535 530 526 525 526 532 537 552 560 574 583 589 600 607 624 650 676 720 737 737 695 645 547
1097 1097 1097 1098 1103 1110 1112 1105 1094 1069 1033 1004 982 971 955 942 938 931 928 930 936 941 947 952 956 963 967 973 978 980 984 986 986 986 986 983 981 975 971 967 959 954 945 937 930 917 909 894 880 869 849 835 812 791 775 748 731 703 681 663 633 615 589 568 553 529 517 499 488 482 473 471 471 477 483 499 509 527 539 550 566 576 596 621 644 684 700 701 667 626 544
1091 1091 1090 1089 1093 1099 1099 1091 1078 1053 1015 987 964 951 938 928 924 920 921 925 933 938 946 951 956 965 971 978 982 986 990 992 993 993 992 990 988 982 978 974 965 961 951 942 935 922 913 897 882 870 848 834 809 788 770 740 722 690 663 643 610 590 559 536 518 490 475 454 441 431 421 417 416 424 433 455 468 489 502 512 527 536 550 567 582 606 615 616 592 564 509
1083 1081 1080 1079 1082 1086 1084 1075 1062 1036 998 970 947 936 923 914 912 910 913 918 928 934 943 950 956 967 972 981 987 990 995 997 998 999 998 995 993 989 983 980 971 967 958 949 941 927 917 900 885 872 849 835 808 786 767 735 714 680 651 630 594 572 538 512 493 461 445 421 406 395 381 377 376 386 399 425 442 465 478 486 497 503 512 520 527 538 540 538 523 505 473
1069 1066 1063 1062 1063 1062 1059 1050 1035 1008 970 941 920 908 899 894 894 896 902 908 920 928 940 949 956 969 975 986 992 996 1002 1004 1006 1007 1006 1005 1002 997 992 989 981 976 965 956 948 934 924 905 888 875 852 836 808 784 765 730 707 670 639 614 574 549 512 482 461 425 406 379 361 349 334 328 329 341 358 392 412 437 449 455 461 463 464 462 457 450 444 437 433 429 427
1050 1045 1039 1036 1033 1029 1023 1010 994 967 927 900 880 871 865 867 870 877 884 894 910 921 937 948 957 973 981 993 1000 1005 1011 1014 1017 1018 1018 1016 1013 1008 1004 1000 992 987 977 966 958 942 933 913 896 882 857 841 811 785 765 728 704 663 628 601 554 528 484 451 426 385 363 332 313 300 285 280 282 297 317 356 379 407 419 424 428 427 423 414 401 379 368 361 367 377 402
1033 1025 1016 1011 1004 996 986 972 954 926 886 858 840 834 832 839 845 858 870 881 902 915 934 949 959 977 986 1000 1008 1013 1020 1023 1027 1028 1028 1026 1023 1019 1015 1011 1003 998 987 976 968 952 942 922 904 889 864 848 817 790 769 730 705 662 625 595 543 514 467 429 402 357 334 301 282 270 256 253 257 274 295 336 358 388 402 408 415 416 415 405 391 368 357 353 365 380 416
1010 999 988 980 969 955 941 925 906 876 836 808 793 789 793 806 818 836 853 866 892 908 932 949 962 981 991 1007 1015 1021 1028 1032 1037 1038 1038 1036 1034 1030 1026 1022 1015 1010 998 988 979 962 952 931 913 899 873 856 824 797 775 734 709 664 623 590 536 502 451 411 382 333 307 273 255 244 235 235 242 260 280 321 345 376 391 400 412 417 419 413 402 382 372 373 388 407 448
991 978 964 954 941 922 906 887 867 836 796 769 755 754 761 781 795 820 840 857 888 906 932 951 965 986 997 1012 1022 1028 1036 1040 1044 1047 1047 1045 1044 1040 1036 1033 1025 1020 1007 997 988 972 961 940 921 907 881 864 831 803 781 740 714 667 625 590 532 497 443 400 369 317 290 255 238 229 223 225 236 255 275 314 338 370 386 398 413 420 427 425 417 402 395 399 418 439 480
966 951 935 922 904 880 860 838 818 786 745 720 707 709 721 750 770 802 827 848 882 904 934 955 971 993 1005 1022 1033 1039 1048 1052 1057 1059 1060 1058 1058 1053 1050 1047 1039 1033 1021 1009 1000 984 973 952 934 919 893 876 843 814 791 749 722 672 628 593 531 493 436 390 355 299 270 234 219 213 213 218 232 251 272 311 333 365 383 397 416 426 438 441 438 432 430 440 462 484 526
938 921 902 886 864 836 813 789 768 734 694 670 660 666 685 723 749 788 818 843 884 909 942 966 983 1008 1021 1039 1051 1057 1066 1070 1074 1076 1077 1076 1076 1072 1068 1065 1056 1050 1038 1027 1018 1001 990 969 951 937 910 894 861 832 808 765 737 686 640 601 535 495 433 384 345 283 251 213 199 196 203 213 231 251 272 309 332 363 383 396 416 427 442 451 453 459 465 483 511 535 581
921 900 880 862 838 807 781 757 735 703 663 640 634 641 666 710 740 785 819 847 891 915 953 979 997 1024 1038 1057 1068 1074 1083 1086 1091 1093 1094 1093 1092 1086 1083 1079 1070 1065 1052 1040 1031 1015 1004 984 967 953 928 911 879 850 827 783 754 702 653 614 544 503 436 382 339 270 235 194 182 182 196 209 231 253 274 311 333 364 383 393 411 419 437 448 456 471 483 510 542 570 623
903 881 858 840 815 781 755 729 708 675 636 615 611 621 650 701 735 786 822 851 899 927 967 995 1014 1043 1057 1077 1089 1096 1102 1105 1109 1111 1112 1109 1108 1102 1097 1094 1084 1079 1065 1055 1046 1030 1020 1002 985 972 948 931 900 871 848 804 775 722 671 630 557 513 442 383 335 257 218 174 163 168 189 206 233 257 278 316 338 367 383 391 402 410 426 443 456 481 500 537 575 608 668
891 868 844 825 799 765 738 713 691 658 621 601 599 611 644 699 735 789 827 858 907 937 979 1009 1031 1060 1076 1096 1108 1113 1120 1122 1125 1126 1126 1123 1119 1113 1108 1104 1095 1088 1076 1065 1057 1043 1033 1015 999 988 964 949 918 889 867 823 794 740 689 646 572 526 451 388 336 252 210 163 154 161 187 208 240 264 285 322 344 373 386 391 397 403 418 438 456 489 513 558 601 639 704
877 852 828 809 782 747 720 694 673 643 608 592 591 606 642 702 741 799 842 874 926 956 1001 1032 1054 1086 1102 1122 1133 1139 1145 1146 1148 1147 1146 1140 1136 1128 1122 1118 1108 1102 1090 1080 1072 1059 1051 1034 1019 1008 987 972 944 916 894 852 824 769 717 673 596 548 470 401 346 254 207 157 149 158 192 217 253 279 300 337 358 385 394 395 393 394 408 432 455 500 532 587 637 678 751
865 838 812 792 765 730 703 680 662 636 608 596 601 618 657 721 761 823 867 900 955 987 1034 1067 1090 1122 1138 1159 1169 1174 1178 1179 1178 1175 1171 1163 1157 1147 1140 1135 1125 1119 1108 1099 1093 1080 1073 1057 1044 1035 1017 1005 979 954 934 896 869 817 765 720 640 591 509 437 377 279 229 176 168 180 219 246 285 311 333 369 388 411 414 408 394 390 400 428 457 515 554 620 678 726 810
859 832 805 785 758 724 699 679 665 645 626 621 630 649 689 752 792 852 897 931 987 1019 1067 1100 1123 1156 1172 1192 1202 1207 1208 1208 1204 1199 1193 1182 1175 1163 1155 1150 1140 1135 1124 1116 1110 1098 1091 1077 1066 1059 1043 1034 1011 990 972 939 915 865 813 770 689 640 556 483 423 324 273 219 212 224 262 289 327 353 374 409 427 445 441 428 402 390 395 424 457 525 571 647 711 765 857
856 829 803 783 757 725 702 687 677 667 660 664 677 698 737 795 833 892 935 970 1026 1058 1106 1139 1161 1193 1208 1228 1236 1240 1240 1238 1233 1225 1217 1203 1193 1180 1172 1165 1157 1152 1143 1135 1129 1118 1111 1099 1090 1084 1074 1066 1048 1030 1016 988 968 921 871 829 749 700 618 546 486 387 337 283 275 285 321 346 383 407 428 462 478 491 478 456 412 393 390 420 457 535 586 672 744 804 908
857 828 803 784 757 727 708 695 690 686 691 701 719 740 778 834 870 926 968 1003 1059 1091 1138 1169 1191 1222 1238 1257 1264 1267 1264 1262 1254 1245 1236 1218 1209 1194 1185 1178 1170 1165 1156 1149 1142 1131 1125 1114 1108 1103 1096 1090 1076 1062 1051 1028 1009 967 919 878 800 751 671 600 542 446 396 342 332 341 373 396 429 453 473 506 520 529 508 479 423 398 387 417 456 542 598 691 769 834 945
858 830 804 786 761 733 717 707 708 714 731 751 774 798 834 887 919 972 1015 1049 1104 1136 1182 1212 1234 1265 1280 1297 1303 1304 1298 1293 1281 1270 1259 1239 1227 1210 1200 1193 1185 1180 1171 1164 1158 1147 1141 1132 1127 1126 1124 1121 1114 1105 1097 1082 1068 1031 987 947 872 824 746 678 622 528 479 426 415 421 448 468 495 515 534 564 577 579 550 512 439 405 385 416 459 551 614 716 800 870 990
861 832 807 790 765 737 723 720 724 740 770 799 830 855 893 944 976 1028 1071 1105 1160 1192 1237 1268 1289 1320 1335 1350 1353 1351 1340 1330 1314 1298 1284 1259 1244 1224 1213 1208 1199 1195 1187 1178 1171 1159 1153 1146 1145 1147 1152 1154 1156 1154 1154 1149 1141 1112 1073 1037 964 918 843 777 722 631 583 529 514 518 540 556 576 591 606 629 638 632 594 547 461 418 392 422 467 569 636 745 833 907 1032
868 837 810 791 765 738 724 721 729 750 788 822 859 886 928 981 1015 1070 1115 1150 1207 1238 1284 1315 1338 1369 1383 1397 1397 1392 1374 1362 1339 1320 1302 1273 1255 1233 1221 1216 1208 1205 1197 1187 1179 1165 1158 1153 1155 1160 1174 1182 1190 1196 1201 1207 1205 1185 1149 1115 1044 999 924 859 803 712 664 608 592 594 612 625 640 649 658 673 677 663 620 570 477 433 404 437 483 590 660 773 861 933 1054
877 844 815 794 765 734 719 717 727 752 797 838 879 911 956 1016 1052 1112 1159 1196 1254 1287 1334 1366 1389 1421 1435 1448 1444 1436 1411 1394 1365 1341 1321 1285 1265 1239 1227 1221 1215 1212 1205 1195 1186 1170 1163 1159 1165 1174 1196 1209 1227 1241 1254 1273 1277 1265 1235 1203 1133 1089 1013 947 892 799 750 692 674 673 686 696 705 707 710 712 709 687 640 588 494 450 422 456 506 617 690 803 889 958 1072
884 849 818 797 766 733 717 716 727 754 803 847 892 927 976 1040 1080 1143 1193 1231 1291 1325 1373 1406 1429 1461 1477 1487 1482 1471 1440 1419 1385 1356 1333 1293 1271 1243 1229 1223 1218 1217 1210 1198 1188 1171 1162 1159 1169 1182 1210 1229 1254 1276 1294 1321 1331 1327 1300 1270 1202 1157 1081 1015 959 865 815 755 735 733 743 751 754 751 747 740 731 702 653 601 509 464 438 473 524 638 712 825 907 972 1079
897 859 828 806 773 738 721 719 731 761 813 862 910 947 1001 1071 1115 1182 1235 1275 1337 1372 1422 1456 1481 1516 1530 1540 1531 1515 1477 1452 1409 1376 1349 1302 1276 1243 1229 1223 1221 1220 1213 1201 1188 1166 1156 1152 1165 1183 1221 1246 1283 1313 1339 1380 1396 1401 1380 1353 1289 1245 1171 1106 1050 954 903 841 818 814 819 824 821 810 799 779 762 725 674 621 531 488 463 499 551 664 738 846 924 983 1078
920 881 847 824 792 759 742 742 755 785 838 887 938 976 1034 1111 1157 1229 1283 1323 1388 1424 1475 1512 1540 1578 1595 1604 1591 1571 1522 1490 1438 1397 1363 1306 1275 1237 1222 1219 1221 1223 1217 1199 1179 1147 1131 1124 1140 1164 1215 1248 1298 1338 1372 1427 1450 1468 1455 1433 1379 1340 1273 1212 1157 1064 1012 947 922 915 916 917 906 886 868 833 810 764 710 657 568 527 500 532 579 685 752 852 920 973 1056
944 905 872 851 823 793 780 782 794 824 876 923 972 1011 1069 1147 1194 1267 1322 1363 1428 1465 1517 1557 1588 1632 1650 1660 1643 1617 1558 1519 1458 1409 1369 1303 1267 1223 1209 1210 1219 1223 1217 1191 1162 1111 1086 1071 1090 1118 1181 1222 1284 1332 1371 1434 1464 1491 1487 1472 1430 1399 1344 1288 1238 1149 1098 1035 1009 1001 998 997 981 957 935 892 864 811 753 700 609 566 534 556 594 681 739 825 885 932 1010
975 936 905 886 863 842 833 838 850 877 924 968 1015 1052 1110 1187 1234 1307 1363 1403 1470 1506 1561 1605 1640 1690 1712 1721 1699 1668 1597 1549 1475 1418 1370 1292 1251 1201 1190 1194 1213 1223 1216 1180 1137 1058 1019 991 1011 1046 1123 1174 1249 1304 1348 1419 1455 1492 1498 1493 1469 1450 1408 1362 1318 1235 1187 1127 1101 1093 1087 1084 1065 1037 1011 962 930 871 809 754 660 614 572 579 602 663 705 772 822 864 937
1001 962 932 916 898 882 879 885 896 921 963 1003 1047 1084 1140 1216 1263 1335 1391 1431 1497 1534 1590 1637 1674 1730 1754 1765 1740 1705 1623 1570 1489 1423 1370 1283 1237 1184 1174 1182 1209 1222 1216 1169 1116 1016 966 927 948 986 1075 1134 1218 1278 1326 1401 1440 1484 1500 1503 1495 1483 1455 1416 1375 1298 1253 1195 1171 1161 1154 1149 1127 1096 1068 1015 980 916 852 797 700 652 602 597 608 647 676 726 770 808 877
1034 995 967 954 942 936 939 947 958 977 1013 1046 1086 1120 1175 1249 1295 1367 1421 1461 1524 1560 1616 1666 1707 1771 1800 1813 1785 1745 1654 1595 1503 1431 1371 1272 1221 1163 1154 1167 1203 1220 1214 1157 1091 968 905 853 874 918 1019 1085 1181 1245 1295 1375 1416 1470 1497 1513 1527 1527 1515 1484 1449 1379 1337 1282 1258 1248 1236 1227 1200 1165 1134 1075 1036 968 903 847 752 702 645 625 621 632 646 676 709 740 803
1072 1030 1002 992 986 991 1001 1012 1021 1034 1056 1082 1114 1147 1199 1275 1320 1390 1439 1474 1530 1563 1617 1669 1714 1786 1821 1838 1811 1770 1679 1618 1522 1444 1379 1270 1213 1149 1141 1155 1198 1217 1210 1148 1076 940 869 810 832 878 987 1058 1160 1227 1277 1357 1400 1462 1504 1533 1573 1586 1591 1569 1537 1472 1432 1378 1350 1336 1313 1298 1261 1219 1183 1115 1073 1001 939 889 803 758 701 672 658 646 647 657 677 699 746
1098 1051 1022 1013 1014 1029 1044 1058 1062 1067 1075 1089 1115 1145 1198 1274 1320 1388 1430 1459 1502 1528 1575 1628 1675 1753 1790 1816 1796 1762 1683 1629 1541 1463 1396 1282 1221 1153 1143 1157 1197 1216 1211 1153 1084 956 889 834 855 899 1004 1072 1170 1234 1283 1359 1402 1468 1520 1559 1618 1643 1660 1642 1612 1548 1506 1447 1413 1391 1354 1329 1280 1230 1188 1112 1067 996 942 900 834 798 752 727 712 697 692 694 701 711 736
1121 1068 1036 1029 1038 1066 1090 1104 1104 1097 1085 1084 1099 1126 1179 1259 1307 1371 1405 1423 1447 1463 1500 1550 1600 1684 1725 1761 1753 1732 1676 1635 1561 1488 1420 1302 1239 1167 1153 1164 1199 1217 1214 1165 1107 998 941 896 916 955 1047 1109 1197 1254 1298 1369 1409 1477 1538 1589 1669 1706 1736 1721 1693 1625 1581 1515 1471 1438 1380 1343 1278 1218 1169 1085 1037 968 925 897 858 838 811 793 784 772 768 762 756 750 744
1139 1081 1045 1040 1054 1090 1120 1135 1132 1114 1087 1076 1083 1109 1162 1244 1293 1354 1380 1389 1399 1406 1435 1484 1535 1621 1667 1711 1713 1704 1668 1637 1576 1507 1440 1320 1255 1180 1164 1171 1200 1216 1215 1175 1127 1037 991 956 974 1010 1090 1144 1223 1276 1315 1379 1418 1488 1554 1612 1708 1754 1793 1781 1752 1681 1635 1561 1508 1466 1391 1345 1266 1199 1144 1054 1005 940 906 890 874 866 855 846 842 837 834 826 810 791 761
1162 1096 1056 1051 1070 1114 1147 1162 1155 1128 1086 1062 1062 1085 1139 1223 1273 1331 1346 1346 1336 1333 1353 1399 1451 1543 1593 1648 1664 1668 1655 1638 1593 1529 1462 1341 1273 1194 1173 1175 1195 1208 1208 1180 1147 1087 1057 1037 1056 1086 1152 1196 1263 1309 1342 1400 1436 1505 1578 1644 1756 1811 1859 1849 1820 1745 1693 1610 1545 1490 1394 1336 1242 1165 1105 1008 957 897 877 875 891 902 913 916 920 926 926 916 888 855 796
1193 1119 1073 1065 1081 1123 1154 1166 1156 1125 1078 1051 1048 1070 1124 1208 1257 1311 1318 1309 1284 1273 1284 1331 1384 1483 1539 1604 1630 1644 1647 1639 1602 1542 1476 1354 1285 1202 1174 1168 1173 1179 1180 1165 1151 1124 1112 1112 1134 1161 1217 1254 1312 1353 1381 1432 1466 1532 1608 1678 1797 1857 1910 1899 1868 1789 1732 1638 1561 1497 1382 1314 1207 1124 1058 956 905 852 846 862 909 938 974 991 1004 1022 1026 1017 980 936 854
1220 1142 1088 1072 1074 1096 1115 1122 1113 1091 1058 1043 1047 1071 1124 1205 1251 1302 1307 1295 1267 1256 1266 1316 1371 1477 1536 1605 1631 1643 1644 1634 1594 1534 1467 1345 1275 1189 1153 1139 1129 1128 1127 1122 1119 1118 1122 1140 1171 1201 1259 1296 1354 1394 1423 1472 1504 1567 1638 1705 1818 1874 1921 1906 1873 1788 1728 1629 1547 1478 1357 1285 1174 1088 1020 916 866 818 823 849 915 956 1009 1035 1056 1083 1092 1087 1052 1006 919
1248 1165 1102 1073 1052 1043 1042 1039 1035 1027 1025 1031 1049 1076 1128 1203 1244 1291 1297 1287 1262 1252 1265 1319 1379 1490 1553 1623 1645 1650 1640 1623 1575 1511 1445 1323 1253 1163 1117 1092 1063 1054 1048 1053 1064 1091 1112 1154 1195 1232 1300 1341 1404 1446 1476 1525 1556 1613 1676 1734 1829 1876 1910 1889 1851 1760 1697 1594 1509 1438 1315 1242 1131 1044 976 871 822 779 792 828 912 964 1032 1070 1099 1139 1154 1158 1128 1087 1005
