new_elev.asc
NCOLS 97 
NROWS 88 
xllcorner 902500.0 
yllcorner 148500.0 
cellsize 1000.0 
NODATA_value -9999
[rows 34 to 50 of 88, columns 37 to 73 of 97]
2.679450879377563524e+03 2.585835392336547102e+03 2.615440668824316162e+03 2.546798208634188541e+03 2.559830507834225045e+03 2.523346852879597463e+03 2.518127163292839214e+03 2.515545581645154925e+03 2.494860244017880632e+03 2.521709016852540117e+03 2.492619743540700711e+03 2.539244681544892956e+03 2.511340082357429310e+03 2.565498870076993626e+03 2.548136805123102022e+03 2.598236717271116504e+03 2.597816462346701428e+03 2.635560256509673764e+03 2.653899209763779709e+03 2.675367352652113823e+03 2.709775829493702986e+03 2.714726532678976582e+03 2.759599101483743198e+03 2.749623235220013157e+03 2.798697713077789558e+03 2.775357347351408407e+03 2.823580469719737721e+03 2.787527571141101362e+03 2.831799204582885977e+03 2.783214032249627053e+03 2.821951613135805474e+03 2.761843336595140499e+03 2.793941829439868798e+03 2.725356550636095108e+03 2.749383954072882261e+03 2.677626173371561435e+03 2.691864247200637237e+03
2.607247593675694588e+03 2.645193743967507544e+03 2.560471239832580522e+03 2.585381118160721144e+03 2.528969835927493477e+03 2.537394170539798779e+03 2.513894826169273074e+03 2.506176457614441006e+03 2.514285533215962914e+03 2.495159413212150866e+03 2.527759641451631978e+03 2.505433528703305001e+03 2.551409219845626922e+03 2.535318770226869219e+03 2.582524057849023848e+03 2.580554944366351720e+03 2.618835977399776766e+03 2.635093563975293819e+03 2.658218549541716584e+03 2.692215062643523652e+03 2.698080890830885437e+03 2.745571739822397376e+03 2.734891344276978998e+03 2.789844421996468100e+03 2.764227840262532482e+03 2.820943501659144204e+03 2.781482212917670040e+03 2.835931114461502602e+03 2.782990009114819713e+03 2.832947637238471998e+03 2.767110699077403297e+03 2.811346312821924585e+03 2.734778540864699607e+03 2.772037654140619907e+03 2.689283013776700955e+03 2.717840000940138452e+03 2.635393231667520467e+03
2.674849403151053593e+03 2.577877484446013113e+03 2.611662922350192275e+03 2.538270764689163116e+03 2.558230844283351871e+03 2.515390533151522504e+03 2.519704790818388119e+03 2.509226668974804852e+03 2.500125384453051538e+03 2.517882766566985083e+03 2.501581384955080011e+03 2.538411599612023110e+03 2.523597924662092737e+03 2.567688445015383422e+03 2.563026888899664755e+03 2.602958773650821513e+03 2.614547485975245309e+03 2.641848761066591123e+03 2.671632170486715495e+03 2.681911404070151093e+03 2.727636928292499761e+03 2.720053628782404758e+03 2.776655758749056076e+03 2.752286234944551325e+03 2.813948206586158904e+03 2.774085617673772049e+03 2.835997702858286630e+03 2.781328751553258826e+03 2.840435410627628244e+03 2.771440431244498541e+03 2.826075094976921719e+03 2.744250335247822477e+03 2.793161404979866347e+03 2.702172183658487029e+03 2.743729310221604010e+03 2.649626802721037620e+03 2.681819026776126066e+03
2.598802991393793036e+03 2.638354933625947524e+03 2.551300351557341401e+03 2.580268415903983168e+03 2.520267751442344888e+03 2.535168208539212173e+03 2.506820342132974474e+03 2.507480078214202877e+03 2.509820516412699362e+03 2.500074283665534949e+03 2.526552702229910210e+03 2.513575835268756691e+03 2.553635169018651141e+03 2.546019381762977901e+03 2.587803587886963214e+03 2.593045602403261910e+03 2.626252045872632607e+03 2.648629519043839991e+03 2.666438099640295150e+03 2.706103540448648346e+03 2.705555040844635641e+03 2.759126446439654046e+03 2.740081226268454884e+03 2.802323299987402606e+03 2.765799702647353115e+03 2.831531136726635395e+03 2.778435638851389285e+03 2.843797763911383299e+03 2.774716444889982995e+03 2.837372194628964280e+03 2.753408870336123528e+03 2.811857193527989693e+03 2.715864108425392260e+03 2.768521839170476142e+03 2.665817102232202615e+03 2.710595068039604939e+03 2.608525854719702693e+03
2.665373065596093511e+03 2.568040613094390665e+03 2.603313309890520486e+03 2.528740294415476910e+03 2.552360849892625993e+03 2.507390677257638345e+03 2.517156481619354963e+03 2.503854313155911314e+03 2.501122446116158244e+03 2.515945729389845383e+03 2.505798042948591501e+03 2.540268049085572784e+03 2.530356185188151358e+03 2.573132092875677699e+03 2.571533786885398513e+03 2.611195517810759611e+03 2.624079197586906503e+03 2.651588987736464333e+03 2.681605914166114871e+03 2.691565649764138016e+03 2.737569782020281309e+03 2.727983751159493750e+03 2.786063986429441229e+03 2.757046357118061678e+03 2.822264610915221965e+03 2.774595573589678679e+03 2.842567217978456029e+03 2.776953740555444256e+03 2.844602299894731004e+03 2.761989753484809171e+03 2.827325960152457810e+03 2.729937390719158429e+03 2.791263612450740311e+03 2.683583730657234810e+03 2.738815474254986384e+03 2.627728968211790743e+03 2.674404368025358963e+03
2.588394599055311119e+03 2.627379506460874381e+03 2.540989392826319545e+03 2.571207347006239161e+03 2.511299262935363458e+03 2.529106061327996485e+03 2.500370228851524189e+03 2.504859495763393170e+03 2.506838919036581501e+03 2.500700793135340518e+03 2.527593597311326448e+03 2.516799439063796854e+03 2.558711860258948036e+03 2.551006793330762775e+03 2.596320279645200571e+03 2.599031888149051156e+03 2.637049924058306715e+03 2.655058155268036444e+03 2.677962192285510355e+03 2.712621834275058518e+03 2.716107784899708804e+03 2.765472371094104346e+03 2.748097726185943429e+03 2.808186878095758402e+03 2.770072664199128667e+03 2.836476496848502848e+03 2.778239012185880256e+03 2.847292161884844063e+03 2.769817503812822451e+03 2.838909155482576352e+03 2.744001514269201380e+03 2.811114722466843432e+03 2.702482526922896795e+03 2.765486496965756487e+03 2.649285735295665290e+03 2.705610451054300029e+03 2.589969105909714926e+03
2.652673984948882662e+03 2.557136519804426825e+03 2.591802896065255482e+03 2.518920970932736054e+03 2.543359917916774066e+03 2.499856804663066669e+03 2.511383016111572942e+03 2.499653648468545271e+03 2.498599334887824625e+03 2.515807419499805292e+03 2.505977604562304350e+03 2.544441089848229694e+03 2.532393856841538764e+03 2.581276048345378058e+03 2.574594641090006462e+03 2.622371475653503694e+03 2.627558593657740403e+03 2.664375950818031924e+03 2.685192423988984046e+03 2.704288674696252656e+03 2.741154385396720045e+03 2.739000352873475094e+03 2.789568774674688484e+03 2.765014683018945107e+03 2.825493880048932169e+03 2.778653259472097943e+03 2.845161503002076643e+03 2.776769877852636910e+03 2.846116256403292027e+03 2.757701351491327387e+03 2.827386945580312386e+03 2.722025709218797601e+03 2.789732389677857554e+03 2.672764546172385053e+03 2.735879584325704400e+03 2.614913268569370757e+03 2.670579480199716727e+03
2.577207539714885115e+03 2.614410516647567420e+03 2.530598864651114582e+03 2.560078698948742385e+03 2.502869142673525857e+03 2.520818433367572652e+03 2.494981170785252743e+03 2.499722453125812081e+03 2.505342431159837815e+03 2.498361795597134005e+03 2.530451895294676888e+03 2.516474399538883517e+03 2.565861947882692220e+03 2.551809133837343779e+03 2.607112134926252111e+03 2.600266679826642303e+03 2.650298960084187911e+03 2.656372308845765019e+03 2.692125358403861810e+03 2.713971697848277472e+03 2.729550680355130680e+03 2.766954534242783666e+03 2.759384098752035698e+03 2.809836120882457180e+03 2.778194766627994341e+03 2.838139460786352629e+03 2.782726019030897078e+03 2.848637171548857623e+03 2.770704647506427136e+03 2.839559172542709803e+03 2.741697325700246893e+03 2.810830415132720645e+03 2.697611558290047014e+03 2.764309427600207073e+03 2.642588745310436479e+03 2.703907976715408495e+03 2.582305973285218442e+03
2.639401283739869541e+03 2.546587973509427229e+03 2.579564263045975167e+03 2.509965990456160398e+03 2.533379493587732668e+03 2.493536981229200592e+03 2.504279119420572897e+03 2.496867057750373988e+03 2.494295537333163338e+03 2.517169600395131056e+03 2.503846405461208178e+03 2.550144376370172722e+03 2.531562160343003143e+03 2.590989552538366752e+03 2.574282678278963431e+03 2.635228734563519538e+03 2.627317694362578550e+03 2.679080177946200365e+03 2.684958162188031565e+03 2.719329336422420056e+03 2.741118661754883306e+03 2.752932246102535373e+03 2.789956267433829908e+03 2.776720771369495651e+03 2.826365278792261961e+03 2.787511496746968533e+03 2.846341502485171986e+03 2.782676948777982489e+03 2.847273806322993551e+03 2.760962182594148999e+03 2.828216876607364156e+03 2.723173550173990861e+03 2.790141507644026206e+03 2.672405323485168992e+03 2.736088268918782433e+03 2.613671912190575313e+03 2.671104004796915433e+03
2.566998887872707201e+03 2.602215017388986780e+03 2.521632268846976785e+03 2.549395073704433344e+03 2.496081337962784801e+03 2.512528633686732974e+03 2.491232654172097227e+03 2.494063222450623016e+03 2.505314924828522635e+03 2.494952289146427120e+03 2.534527535884178633e+03 2.514549956292315983e+03 2.574009639694089401e+03 2.550559616847280722e+03 2.618823848029625879e+03 2.599139284848322859e+03 2.664618634796123843e+03 2.655219242606340686e+03 2.707790289834936630e+03 2.712997110122518734e+03 2.745225035816945365e+03 2.766509012384054131e+03 2.773922815723536587e+03 2.810174942309410199e+03 2.790854341528698569e+03 2.839269172353971953e+03 2.793251331163403847e+03 2.850321659993840058e+03 2.779267581986241566e+03 2.841471005856761167e+03 2.748725834126442805e+03 2.812761048614541323e+03 2.703597850371673303e+03 2.766329413527784254e+03 2.647975159099684333e+03 2.706404668495500573e+03 2.587506620083943744e+03
2.628424768636795307e+03 2.538200900688761976e+03 2.569280568898513138e+03 2.503320858595155187e+03 2.524821334522356210e+03 2.489379835388031552e+03 2.497967390483347572e+03 2.495847789646809360e+03 2.490147151570037749e+03 2.519761864962883010e+03 2.501300444154891920e+03 2.556547669473932274e+03 2.529866842787409951e+03 2.601040264571217449e+03 2.572821332241544496e+03 2.648363420355239214e+03 2.625836834147052741e+03 2.694390393374532323e+03 2.683607250184214081e+03 2.735719022296962976e+03 2.740300690043426584e+03 2.769344866427446959e+03 2.790077751266059749e+03 2.792364859876331138e+03 2.827618096653043722e+03 2.802002260476284846e+03 2.848625155178430305e+03 2.796039385395389672e+03 2.850289063265123332e+03 2.773499807251475886e+03 2.831672481644946402e+03 2.735270294328511682e+03 2.793961657051405382e+03 2.684363553507623692e+03 2.740516866524642865e+03 2.625674189099888281e+03 2.676664921340603996e+03
2.559785305830617745e+03 2.593450113606980267e+03 2.515808023510178373e+03 2.541585050383388079e+03 2.492220651733738578e+03 2.506380223908042353e+03 2.489862762423735603e+03 2.489779227402737888e+03 2.506887808652980766e+03 2.492238313180406294e+03 2.539364732224098589e+03 2.512808131522398980e+03 2.582221615834053864e+03 2.549186690388553416e+03 2.630233740230055446e+03 2.597799547360871202e+03 2.678736745600604536e+03 2.653972983074621879e+03 2.723877160048628866e+03 2.712233520052128370e+03 2.762445770043992070e+03 2.766727700452385761e+03 2.791548537665903041e+03 2.811733786178199352e+03 2.808433563012664308e+03 2.842228934868336637e+03 2.810676617774773604e+03 2.854462943078392527e+03 2.796705969120991995e+03 2.846466762899725836e+03 2.766447273404264251e+03 2.818407999646196004e+03 2.721791266450212788e+03 2.772716598514084126e+03 2.666654427897304686e+03 2.713938631349447860e+03 2.606566949246462173e+03
2.622187012612842409e+03 2.533853230627691119e+03 2.563250401404354761e+03 2.500516263613507363e+03 2.519742367506265509e+03 2.488454400306491152e+03 2.494247540670252420e+03 2.497124310044334379e+03 2.487763564315949225e+03 2.523554934872545800e+03 2.499879830733138533e+03 2.563124786701315315e+03 2.528909461367409676e+03 2.610542785625124452e+03 2.571970328533644988e+03 2.660724951336289905e+03 2.625068702066388596e+03 2.709305558387904512e+03 2.683253549102033048e+03 2.752699458706116275e+03 2.740893804756111422e+03 2.787856072445786140e+03 2.792103112931520627e+03 2.811989459668832751e+03 2.831303270724151844e+03 2.822551270166934501e+03 2.853875181178096227e+03 2.817551386632037065e+03 2.856798248815841816e+03 2.796123598826863144e+03 2.839148954845315075e+03 2.759091798601213213e+03 2.802343807637555074e+03 2.709275811365714162e+03 2.750070807377839628e+03 2.651375294257456062e+03 2.687921771747131515e+03
2.557459526843369076e+03 2.590129519879880263e+03 2.514768219656548808e+03 2.538499802108244694e+03 2.492574604690356409e+03 2.504009132353268797e+03 2.491720747761711664e+03 2.488309706013869345e+03 2.510431102722841388e+03 2.491541787843885231e+03 2.544873531576737150e+03 2.512561948584324909e+03 2.590032769167637525e+03 2.549091622208500212e+03 2.640641403130087838e+03 2.597789389968158048e+03 2.691887118603248837e+03 2.654309115193759681e+03 2.739718523492110307e+03 2.713431562202626992e+03 2.780767949379550828e+03 2.769350739466987307e+03 2.812094673196891563e+03 2.816159725711082046e+03 2.831021273340894822e+03 2.848515911777504698e+03 2.835254561179374377e+03 2.862385060634935144e+03 2.823305701191322441e+03 2.855700485148740427e+03 2.795052589504630760e+03 2.828768807364949680e+03 2.752202611759915726e+03 2.784321028164244126e+03 2.698440472777229388e+03 2.727211346732762649e+03 2.639156875920823950e+03
2.622280052646076911e+03 2.535137059032846992e+03 2.562990902875837037e+03 2.502903560504697452e+03 2.519525227252541754e+03 2.491796343121940936e+03 2.494354751024550296e+03 2.501367229829083954e+03 2.488270081661054519e+03 2.528845346719850113e+03 2.500672126306481459e+03 2.569837153484072132e+03 2.529816759796615315e+03 2.619207257817478876e+03 2.572945852383402325e+03 2.671886024487105715e+03 2.626322432924790064e+03 2.723380353177533379e+03 2.685255422479525350e+03 2.769903582068104242e+03 2.744233244272361389e+03 2.808224641062581213e+03 2.797272154089662308e+03 2.835463956405397767e+03 2.838518595552399802e+03 2.849064078326178787e+03 2.863038410230814861e+03 2.847043972831321753e+03 2.867620254779309562e+03 2.828480343508556871e+03 2.851373948726751223e+03 2.794032137725791017e+03 2.815954201499781448e+03 2.746285231194873177e+03 2.765365715387943510e+03 2.689745860729714423e+03 2.705432933590697303e+03
2.561396605272813304e+03 2.593313549711782343e+03 2.519751893252592708e+03 2.541156531193661976e+03 2.498191922750281719e+03 2.506374164907113936e+03 2.497622934386430643e+03 2.490567098350492415e+03 2.516508437197127023e+03 2.493765135978947455e+03 2.551372038757659993e+03 2.514748538443949656e+03 2.597550458657909530e+03 2.551276488049815725e+03 2.649999356216328124e+03 2.600172424181150745e+03 2.703931172284164859e+03 2.657310380189314401e+03 2.755137804184621473e+03 2.717624187597440596e+03 2.800000070398319167e+03 2.775291437816792040e+03 2.835334041256666296e+03 2.824202771842988568e+03 2.858288914018683954e+03 2.858715438309716319e+03 2.866460279064882798e+03 2.874547417828036032e+03 2.858252154197211439e+03 2.869565994274334571e+03 2.833382681377470362e+03 2.844228485821217873e+03 2.793342592924283053e+03 2.801552607353244184e+03 2.741608197825539264e+03 2.746662881859350819e+03 2.683475852739774837e+03
2.629210220674158336e+03 2.543005782383390397e+03 2.569035447751881293e+03 2.511355782481924962e+03 2.524744544213221616e+03 2.500177819960155830e+03 2.498919040176140243e+03 2.509234538344376233e+03 2.492368276988827347e+03 2.536171330648504409e+03 2.504464500509796380e+03 2.577104044383169821e+03 2.533462452772804681e+03 2.627338976988326522e+03 2.576683598029844234e+03 2.682043296724005359e+03 2.630540366333061229e+03 2.736701842344936267e+03 2.690484214723166588e+03 2.787292277102643311e+03 2.751041265107844538e+03 2.830244218167627878e+03 2.806106507227777911e+03 2.862346732832814268e+03 2.849579897608740339e+03 2.880778325051691354e+03 2.876268767285075683e+03 2.883354143629523151e+03 2.882824008824952671e+03 2.868963468859878958e+03 2.868413882211127657e+03 2.838063973760014505e+03 2.834918786648177502e+03 2.793046144324639499e+03 2.786615131245006069e+03 2.738295178088912508e+03 2.729496572670044316e+03
