new_elev.asc
NCOLS 119 
NROWS 142 
xllcorner -2035500.0 
yllcorner 839500.0 
cellsize 1000.0 
NODATA_value -9999
[rows 85 to 101 of 142, columns 0 to 36 of 119]
1.545000000000000000e+03 1.535300970570805703e+03 1.529023672794163531e+03 1.526057726558939066e+03 1.525934866219962032e+03 1.528165893286352002e+03 1.532321637612120412e+03 1.538042651585559952e+03 1.545031476310497510e+03 1.553042271178598185e+03 1.561871462111577785e+03 1.571350018467462178e+03 1.581337213478152535e+03 1.591715593306812480e+03 1.602386904116619917e+03 1.613268776575649781e+03 1.624292012023321831e+03 1.635398349459862629e+03 1.646538619043764811e+03 1.657671208038102122e+03 1.668760780816294755e+03 1.679777206782841631e+03 1.690694659677270465e+03 1.701490859271448244e+03 1.712146432361463212e+03 1.722644374525579451e+03 1.732969597638253845e+03 1.743108550819970333e+03 1.753048904550221778e+03 1.762779289231642906e+03 1.772289080695255507e+03 1.781568226084176786e+03 1.790607104328590140e+03 1.799396416091938136e+03 1.807927098673785849e+03 1.816190261930511042e+03 1.824177141839911428e+03
1.510000000000000000e+03 1.511048077142686680e+03 1.511784911368614758e+03 1.513358044217658517e+03 1.516181014740119053e+03 1.520331517205944238e+03 1.525738724291492417e+03 1.532271087112474333e+03 1.539777989999100555e+03 1.548109570331176201e+03 1.557125840845042603e+03 1.566700408242359117e+03 1.576721426904566670e+03 1.587091160401017532e+03 1.597724885264583691e+03 1.608549533670397977e+03 1.619502286505439770e+03 1.630529224994784272e+03 1.641584091294899963e+03 1.652627176663989076e+03 1.663624338921860044e+03 1.674546142524797006e+03 1.685367110959969068e+03 1.696065080113487284e+03 1.706620641511490476e+03 1.717016665151197230e+03 1.727237892634955188e+03 1.737270592296716359e+03 1.747102268882302042e+03 1.756721421091287539e+03 1.766117340921545292e+03 1.775279949304587035e+03 1.784199663012045903e+03 1.792867288279737295e+03 1.801273937058819683e+03 1.809410962279316436e+03 1.817269909007493197e+03
1.478000000000000000e+03 1.487074429859749671e+03 1.493646162944021398e+03 1.499313747607063760e+03 1.504974654414420456e+03 1.511086411728645089e+03 1.517848973805474088e+03 1.525317243825892547e+03 1.533467802905784538e+03 1.542237779750444588e+03 1.551547151241664778e+03 1.561311263095478807e+03 1.571447604409817131e+03 1.581879228439468989e+03 1.592536238695548946e+03 1.603356181412526439e+03 1.614283841168764411e+03 1.625270731107709707e+03 1.636274446772398733e+03 1.647257979757008343e+03 1.658189044309748397e+03 1.669039444756351713e+03 1.679784496970227337e+03 1.690402508768282360e+03 1.700874319459405797e+03 1.711182896258879282e+03 1.721312983983214508e+03 1.731250803816787538e+03 1.740983796686851747e+03 1.750500406728683402e+03 1.759789900381341113e+03 1.768842216787010557e+03 1.777647845358513223e+03 1.786197726627422753e+03 1.794483172790341087e+03 1.802495804733360728e+03 1.810227502731354889e+03
1.451000000000000000e+03 1.465572011303660929e+03 1.476348918867518933e+03 1.485182886223917421e+03 1.493194452354070108e+03 1.501038865153333063e+03 1.509074566587048594e+03 1.517476382977945832e+03 1.526309389732332420e+03 1.535575537625370544e+03 1.545242340643118951e+03 1.555260164024780124e+03 1.565572427494590329e+03 1.576121467385099095e+03 1.586851766110277595e+03 1.597711600537054892e+03 1.608653752292497302e+03 1.619635671684025510e+03 1.630619333063779777e+03 1.641570925531899320e+03 1.652460465569158259e+03 1.663261383237204882e+03 1.673950112259238495e+03 1.684505701270723421e+03 1.694909455560653896e+03 1.705144613728540207e+03 1.715196060655925066e+03 1.725050076304112508e+03 1.734694118663697964e+03 1.744116638436690664e+03 1.753306922577390196e+03 1.762254963567769664e+03 1.770951351208970664e+03 1.779387183745659058e+03 1.787553995287762291e+03 1.795443696741726399e+03 1.803048527798085843e+03
1.431000000000000000e+03 1.447833863663243847e+03 1.460933226061940786e+03 1.471783028270671821e+03 1.481460802604701939e+03 1.490651271938603486e+03 1.499758393383377552e+03 1.509003242096663143e+03 1.518492920973164928e+03 1.528265640816817722e+03 1.538319254995185020e+03 1.548628999052391009e+03 1.559158379068066324e+03 1.569865767745308631e+03 1.580708327644572819e+03 1.591644275122663203e+03 1.602634116994457145e+03 1.613641254174725191e+03 1.624632198891316420e+03 1.635576560269855918e+03 1.646446895831768870e+03 1.657218490540717085e+03 1.667869102362236390e+03 1.678378698868031051e+03 1.688729200132401274e+03 1.698904237121174447e+03 1.708888930775911376e+03 1.718669694310522118e+03 1.728234059406229335e+03 1.737570525731632188e+03 1.746668432353921389e+03 1.755517849039204066e+03 1.764109485099385893e+03 1.772434613289104846e+03 1.780485006260837963e+03 1.788252883227622306e+03 1.795730864740784227e+03
1.416000000000000000e+03 1.433800108250079575e+03 1.447707134776119346e+03 1.459465902967351212e+03 1.470096581537588690e+03 1.480201550529154474e+03 1.490132602995823845e+03 1.500088332468162662e+03 1.510172939618915734e+03 1.520432479753203097e+03 1.530877492107739045e+03 1.541497246460132374e+03 1.552268757745624043e+03 1.563162497672916743e+03 1.574145999943354582e+03 1.585186110238696983e+03 1.596250358084213758e+03 1.607307757203474466e+03 1.618329233702895181e+03 1.629287813114837491e+03 1.640158653297028195e+03 1.650918981446145608e+03 1.661547974479245113e+03 1.672026609297285631e+03 1.682337500779224229e+03 1.692464739367153470e+03 1.702393735897343959e+03 1.712111078331646922e+03 1.721604402875811957e+03 1.730862280395227344e+03 1.739874117899087196e+03 1.748630074060623656e+03 1.757120987207951202e+03 1.765338313912498506e+03 1.773274076187217815e+03 1.780920815358019354e+03 1.788271550864541950e+03
1.408000000000000000e+03 1.423630119976354990e+03 1.436570912945520604e+03 1.448189879427617598e+03 1.459143183189646606e+03 1.469783869246306040e+03 1.480314369087203431e+03 1.490852154588813391e+03 1.501462416910088223e+03 1.512176537947522320e+03 1.523003577214338065e+03 1.533937874016452270e+03 1.544964259432380004e+03 1.556061687748992426e+03 1.567205774139817549e+03 1.578370555896240148e+03 1.589529695738325017e+03 1.600657282851464061e+03 1.611728344636244174e+03 1.622719152016285079e+03 1.633607379331847824e+03 1.644372163834280173e+03 1.654994097939678340e+03 1.665455178560947843e+03 1.675738731204802207e+03 1.685829321509241936e+03 1.695712663085038230e+03 1.705375527607842741e+03 1.714805660868839823e+03 1.723991706778096614e+03 1.732923140018137246e+03 1.741590207090058811e+03 1.749983874826695001e+03 1.758095785026739122e+03 1.765918213658543436e+03 1.773444033064588666e+03 1.780666675740689016e+03
1.406000000000000000e+03 1.416120991730677815e+03 1.426699803208222420e+03 1.437494991158002449e+03 1.448390701792425716e+03 1.459338331508852661e+03 1.470325470249732916e+03 1.481355942123013165e+03 1.492437586121087406e+03 1.503575726526694325e+03 1.514770416081829126e+03 1.526015898562516213e+03 1.537301208565368142e+03 1.548611236801742052e+03 1.559927884429052028e+03 1.571231119108929988e+03 1.582499856743664623e+03 1.593712653237409540e+03 1.604848220283950468e+03 1.615885791391002840e+03 1.626805367268643522e+03 1.637587868076256200e+03 1.648215216461067712e+03 1.658670371207180779e+03 1.668937327317514246e+03 1.679001094760932119e+03 1.688847665025993365e+03 1.698463972030903051e+03 1.707837851807935294e+03 1.716958003660429767e+03 1.725813954133688640e+03 1.734396024105871220e+03 1.742695298555861882e+03 1.750703598071632769e+03 1.758413450897366374e+03 1.765818064254244064e+03 1.772911293781448194e+03
1.403000000000000000e+03 1.408126460693318222e+03 1.416557348341417537e+03 1.426617616537966569e+03 1.437477918018363653e+03 1.448719229693173020e+03 1.460134416013958344e+03 1.471626010394950754e+03 1.483151145643502787e+03 1.494691938329425057e+03 1.506240040347488502e+03 1.517789043513203069e+03 1.529331138969940184e+03 1.540855993580204995e+03 1.552350709601621020e+03 1.563800253549060244e+03 1.575188034401556934e+03 1.586496474841718737e+03 1.597707507881330002e+03 1.608802977622901835e+03 1.619764945818026945e+03 1.630575916010383935e+03 1.641218990418319208e+03 1.651677974665351257e+03 1.661937443834739042e+03 1.671982781082564088e+03 1.681800197697074054e+03 1.691376741287966752e+03 1.700700296839107523e+03 1.709759583702847976e+03 1.718544150260242532e+03 1.727044366909555038e+03 1.735251417259075197e+03 1.743157286869767177e+03 1.750754748597054686e+03 1.758037343495552477e+03 1.764999356349847858e+03
1.393000000000000000e+03 1.396800824053520046e+03 1.404732329730516540e+03 1.414860865352334713e+03 1.426079128142094305e+03 1.437796264383257267e+03 1.449712769977188600e+03 1.461685079030100724e+03 1.473649336865348687e+03 1.485579983445509697e+03 1.497467926416478576e+03 1.509309485480293461e+03 1.521101149390762203e+03 1.532837397868319385e+03 1.544510081991842753e+03 1.556108547464509229e+03 1.567620067771030563e+03 1.579030365027770813e+03 1.590324111400199399e+03 1.601485365754930626e+03 1.612497932415349624e+03 1.623345644755800549e+03 1.634012583326037202e+03 1.644483240402724050e+03 1.654742642636893379e+03 1.664776442088132171e+03 1.674570984108217090e+03 1.684113358633180724e+03 1.693391439656818875e+03 1.702393916084999546e+03 1.711110315849874269e+03 1.719531024109053760e+03 1.727647295564592241e+03 1.735451260399253215e+03 1.742935923026654336e+03 1.750095152766727097e+03 1.756923665663849988e+03
1.376000000000000000e+03 1.381318737324975245e+03 1.390658894017872626e+03 1.401937677492051989e+03 1.414079869553936760e+03 1.426548016323879438e+03 1.439085775714210740e+03 1.451579814500707016e+03 1.463986796070317041e+03 1.476295382297287233e+03 1.488506845487858754e+03 1.500625510893121600e+03 1.512654359185732574e+03 1.524593301043390966e+03 1.536438795039172192e+03 1.548184099896353473e+03 1.559819786749961168e+03 1.571334318958500717e+03 1.582714606048210271e+03 1.593946491866301130e+03 1.605015165254802241e+03 1.615905495737450337e+03 1.626602303107821626e+03 1.637090571956520989e+03 1.647355622084384095e+03 1.657383244552896031e+03 1.667159811461081972e+03 1.676672365764675078e+03 1.685908695761179388e+03 1.694857397354600380e+03 1.703507925935635740e+03 1.711850638687549690e+03 1.719876827358674063e+03 1.727578741023355633e+03 1.734949598070947786e+03 1.741983586598572174e+03 1.748675852514140843e+03
1.351000000000000000e+03 1.361790365434243995e+03 1.374597224595303942e+03 1.388076979631659242e+03 1.401656423747615008e+03 1.415108264479931904e+03 1.428357523876275764e+03 1.441394201091019113e+03 1.454233549903082348e+03 1.466897902002672254e+03 1.479408496675428523e+03 1.491782091856226316e+03 1.504029900199037911e+03 1.516157645825401914e+03 1.528166129760201784e+03 1.540051986996319101e+03 1.551808472074675592e+03 1.563426193251009863e+03 1.574893760998513699e+03 1.586198341498971786e+03 1.597326118836955402e+03 1.608262675840116117e+03 1.618993305811211940e+03 1.629503267496952731e+03 1.639777994564543405e+03 1.649803269223361212e+03 1.659565367800238164e+03 1.669051184264206313e+03 1.678248336021074465e+03 1.687145254826109749e+03 1.695731264428398845e+03 1.703996645577789423e+03 1.711932688297216146e+03 1.719531730844012827e+03 1.726787184541416536e+03 1.733693543638199117e+03 1.740246379527256295e+03
1.321000000000000000e+03 1.340221517421888620e+03 1.357814793468694006e+03 1.374045039217512567e+03 1.389265628625302270e+03 1.403753116976990441e+03 1.417701306525744485e+03 1.431243320644567120e+03 1.444471239111761179e+03 1.457449281371090137e+03 1.470222078548229547e+03 1.482819909351461320e+03 1.495262174410810530e+03 1.507559847891819118e+03 1.519717308583456770e+03 1.531733766227882825e+03 1.543604401923809519e+03 1.555321292639124522e+03 1.566874165443229458e+03 1.578251014444186694e+03 1.589438606294079364e+03 1.600422895496880756e+03 1.611189367246200618e+03 1.621723322551014462e+03 1.632010117750380232e+03 1.642035368102048778e+03 1.651785122943367014e+03 1.661246017973832295e+03 1.670405408507716857e+03 1.679251486100484499e+03 1.687773379768412269e+03 1.695961242097041577e+03 1.703806319866843296e+03 1.711301008405770517e+03 1.718438888695501646e+03 1.725214746293652070e+03 1.731624571365358406e+03
1.292000000000000000e+03 1.320257782413684481e+03 1.342349208772515794e+03 1.360953659927160970e+03 1.377516140266495313e+03 1.392823050736252299e+03 1.407314957359972595e+03 1.421248523276638480e+03 1.434779514161092720e+03 1.448005800171440796e+03 1.460990194974300721e+03 1.473773042061742899e+03 1.486379488963694257e+03 1.498823932268349836e+03 1.511112899606431256e+03 1.523247027654408839e+03 1.535222488738510037e+03 1.547032061602593558e+03 1.558665959937465232e+03 1.570112488405751947e+03 1.581358571600529558e+03 1.592390187261799838e+03 1.603192726349653185e+03 1.613751296771283705e+03 1.624050983405410079e+03 1.634077073898898561e+03 1.643815257180319350e+03 1.653251799562622182e+03 1.662373701597116451e+03 1.671168837443412031e+03 1.679626077407971025e+03 1.687735393461565309e+03 1.695487946961685793e+03 1.702876157468518159e+03 1.709893751438818072e+03 1.716535789693291918e+03 1.722798672857325755e+03
1.274000000000000000e+03 1.306438091375380282e+03 1.330326021702856451e+03 1.349837500487773013e+03 1.366933432936150666e+03 1.382597337488521362e+03 1.397354648403319516e+03 1.411502595184156007e+03 1.425217654566740293e+03 1.438608530409828745e+03 1.451743649570463731e+03 1.464666158342824929e+03 1.477402514190490365e+03 1.489967658809816385e+03 1.502368292951657622e+03 1.514605054675346310e+03 1.526674037859738291e+03 1.538567896946178507e+03 1.550276681325827212e+03 1.561788486212024964e+03 1.573089974752479520e+03 1.584166807332630924e+03 1.595004002550076621e+03 1.605586246992677616e+03 1.615898165981440798e+03 1.625924563883186465e+03 1.635650639927675002e+03 1.645062183386979314e+03 1.654145750330762439e+03 1.662888822872103219e+03 1.671279950816964174e+03 1.679308874899824332e+03 1.686966630311943391e+03 1.694245628994066010e+03 1.701139719158147273e+03 1.707644220705604084e+03 1.713755935600437169e+03
1.274000000000000000e+03 1.301147021280572062e+03 1.322636226267150505e+03 1.341072347705457105e+03 1.357696792720650137e+03 1.373170911745517060e+03 1.387875143020274891e+03 1.402039843477788509e+03 1.415809231897522523e+03 1.429275358784285345e+03 1.442497274829604521e+03 1.455512343251622042e+03 1.468343163704470044e+03 1.481001953820286417e+03 1.493493416195928603e+03 1.505816681172432709e+03 1.517966672424955505e+03 1.529935103402238610e+03 1.541711231785275459e+03 1.553282451355320518e+03 1.564634771988196917e+03 1.575753220952750098e+03 1.586622187688870326e+03 1.597225727107908824e+03 1.607547831645246561e+03 1.617572678900845858e+03 1.627284859208122725e+03 1.636669585575694782e+03 1.645712886981540805e+03 1.654401784871060954e+03 1.662724451868583856e+03 1.670670351128439052e+03 1.678230354410758082e+03 1.685396836856561549e+03 1.692163746543871184e+03 1.698526647215337334e+03 1.704482733057056294e+03
1.286000000000000000e+03 1.301492950299660606e+03 1.317957874196284592e+03 1.334056396442157620e+03 1.349527151145443895e+03 1.364410170121375586e+03 1.378810058586204832e+03 1.392826351810466349e+03 1.406537035297065358e+03 1.419998333235608925e+03 1.433248604838096526e+03 1.446312505609706022e+03 1.459204398218992083e+03 1.471930915658986123e+03 1.484492831078365271e+03 1.496886419130260947e+03 1.509104461647339804e+03 1.521137009578235393e+03 1.532971978957520150e+03 1.544595633674028704e+03 1.555992990514166195e+03 1.567148170283403033e+03 1.578044710950899116e+03 1.588665853407256236e+03 1.598994806688071549e+03 1.609014996825661910e+03 1.618710301493024417e+03 1.628065271084081814e+03 1.637065335708351085e+03 1.645696996697468876e+03 1.653948000589203957e+03 1.661807493153446785e+03 1.669266150844349340e+03 1.676316287095663938e+03 1.682951931112988859e+03 1.689168877243176212e+03 1.694964703597922835e+03
