new_elev.asc
NCOLS 97 
NROWS 88 
xllcorner 902500.0 
yllcorner 148500.0 
cellsize 1000.0 
NODATA_value -9999
[rows 17 to 33 of 88, columns 0 to 36 of 97]
2.429000000000000000e+03 2.478109389437992377e+03 2.509181917630927728e+03 2.556456042798185990e+03 2.569560249652477069e+03 2.621048251348378926e+03 2.619196246767719003e+03 2.676036378716396030e+03 2.660603529425211946e+03 2.722794421823779885e+03 2.695049896869782060e+03 2.761753993604979769e+03 2.723562961398334210e+03 2.792960289972236296e+03 2.747337892161202035e+03 2.816446337830967877e+03 2.767775938739021967e+03 2.832459925060481055e+03 2.786207767928813610e+03 2.841506123702286004e+03 2.803476684896518236e+03 2.844232474306952554e+03 2.819612617434974709e+03 2.841252556853224633e+03 2.833762096408689104e+03 2.833024113277188462e+03 2.844400623830734730e+03 2.819858251325355013e+03 2.849726342580881010e+03 2.802062771056876045e+03 2.848081959932059817e+03 2.780155384724816486e+03 2.838288406370524172e+03 2.755048075457682899e+03 2.819859712628167927e+03 2.728108616468203763e+03 2.793136991799955013e+03
2.489000000000000000e+03 2.525013837861202319e+03 2.566663158293086326e+03 2.578757862155136081e+03 2.626250062808235725e+03 2.621765376008567728e+03 2.677053127317280087e+03 2.658646801926945955e+03 2.721243747454688673e+03 2.690809676652309463e+03 2.759375368804786831e+03 2.718818147522585150e+03 2.791396688968891795e+03 2.743172493463529463e+03 2.817066493882896793e+03 2.764608026922684076e+03 2.836195791241053939e+03 2.784006332521421882e+03 2.848749066955577291e+03 2.802039189120690025e+03 2.854818528317970959e+03 2.818772723408281308e+03 2.854532640857230490e+03 2.833460603210971840e+03 2.847990314939988821e+03 2.844639540163425863e+03 2.835293134611679307e+03 2.850482018096195134e+03 2.816689283462596904e+03 2.849250804119897566e+03 2.792778290578142332e+03 2.839689692358698267e+03 2.764685696685743096e+03 2.821264132363456611e+03 2.734112840492692158e+03 2.794269499395080857e+03 2.703199007245596476e+03
2.566000000000000000e+03 2.592172612547227800e+03 2.602835765262066616e+03 2.641987158467412883e+03 2.635546675285499987e+03 2.685817307757448361e+03 2.664860994269478851e+03 2.724981769808390709e+03 2.692116430461501750e+03 2.759968642379546509e+03 2.717529011301083301e+03 2.790634216228136211e+03 2.740952499545536284e+03 2.816575924936600586e+03 2.762397471069738458e+03 2.837337139043107982e+03 2.782165772844074581e+03 2.852500006275689429e+03 2.800625547693411590e+03 2.861692380185593720e+03 2.817803709263736891e+03 2.864551992823273395e+03 2.833053111964472009e+03 2.860715709296537625e+03 2.844994049045142219e+03 2.849894294612681733e+03 2.851771694937961456e+03 2.832047484450956290e+03 2.851510269275195697e+03 2.807614458682434815e+03 2.842770382284779316e+03 2.777712008550998235e+03 2.824858478330530488e+03 2.744202954227630926e+03 2.797953971272264880e+03 2.709562280743485644e+03 2.763122553130201140e+03
2.635000000000000000e+03 2.644810379358888440e+03 2.670822483067436679e+03 2.662930723328845488e+03 2.704243301829938900e+03 2.681356412036740494e+03 2.735812075733284928e+03 2.700925750192361647e+03 2.765427872405585731e+03 2.721472529210584526e+03 2.792656340046047262e+03 2.742247638704731798e+03 2.816913270276294497e+03 2.762512132503897647e+03 2.837574943001400243e+03 2.781875920940552987e+03 2.854000430559128745e+03 2.800256561851525476e+03 2.865505340658023670e+03 2.817533057680902402e+03 2.871329120914232590e+03 2.833128743336178104e+03 2.870650346199975047e+03 2.845784820750476229e+03 2.862698854404468420e+03 2.853667247106160630e+03 2.846975783073641196e+03 2.854763533911964714e+03 2.823536508341105673e+03 2.847384994381377510e+03 2.793246061340372307e+03 2.830569662882086959e+03 2.757902097180131932e+03 2.804278346549455819e+03 2.720140556627319256e+03 2.769413642342588446e+03 2.683091236031343215e+03
2.710000000000000000e+03 2.715503977985543770e+03 2.706009760361848294e+03 2.734103641978259930e+03 2.709907475351999437e+03 2.755183271117185086e+03 2.718858198808433826e+03 2.777213158620677405e+03 2.732148364462450445e+03 2.799079170608336881e+03 2.748417022290941077e+03 2.819827489096865065e+03 2.766168528928418255e+03 2.838647728850999556e+03 2.784235967785651155e+03 2.854775044211262411e+03 2.801937253492005311e+03 2.867370089967385866e+03 2.818860382234642657e+03 2.875427569260882137e+03 2.834429818489908030e+03 2.877767194127325183e+03 2.847531077605126939e+03 2.873152111066599446e+03 2.856428091879100066e+03 2.860544058255349228e+03 2.859034516004401667e+03 2.839448628917056340e+03 2.853408320155620913e+03 2.810253535099566761e+03 2.838242226211183606e+03 2.774441713295459977e+03 2.813167513686975781e+03 2.734576804278948657e+03 2.778830234183041739e+03 2.694006929656458396e+03 2.736830073606047790e+03
2.767000000000000000e+03 2.764567056170937121e+03 2.776822531615099251e+03 2.751877637067600062e+03 2.784254281144023935e+03 2.747126841417326432e+03 2.796330910416227653e+03 2.750681270765572663e+03 2.811025324487335183e+03 2.760499743041848888e+03 2.826658384941533768e+03 2.774312929875074133e+03 2.842067624088940647e+03 2.790122055170309523e+03 2.856356862579114477e+03 2.806510774868869248e+03 2.868637078383340850e+03 2.822608763500400983e+03 2.877820458477086504e+03 2.837722155947220472e+03 2.882528480391365520e+03 2.850862589173807464e+03 2.881166062144168336e+03 2.860466986752645425e+03 2.872177406034246360e+03 2.864482085340165668e+03 2.854440065184994637e+03 2.860777716242688712e+03 2.827694507062440607e+03 2.847683769786823632e+03 2.792874394494805074e+03 2.824413926840066779e+03 2.752211246983813453e+03 2.791248406211638667e+03 2.709032569202849118e+03 2.749509872640566755e+03 2.667247666654940531e+03
2.857000000000000000e+03 2.837966916213245440e+03 2.809131198700738878e+03 2.824172140749843948e+03 2.786523657421985263e+03 2.823392911540006935e+03 2.777755451328057461e+03 2.829100251509339159e+03 2.779138833389347383e+03 2.838214373006072037e+03 2.787535406984712154e+03 2.848909330902678903e+03 2.800084897027714760e+03 2.860024260075308121e+03 2.814533270975043706e+03 2.870630851650223576e+03 2.829379867322119935e+03 2.879675856048749210e+03 2.843647196893489308e+03 2.885755031323461026e+03 2.856394599630158609e+03 2.887085522106463941e+03 2.866270987293586131e+03 2.881709657886951391e+03 2.871376169493015823e+03 2.867900152155520573e+03 2.869514983450837008e+03 2.844665955845719509e+03 2.858710172166391658e+03 2.812209562643814024e+03 2.837722422015181110e+03 2.772181585902757888e+03 2.806369366359755986e+03 2.727618064152788065e+03 2.765592298462469444e+03 2.682519842487884944e+03 2.717368741817646423e+03
2.918000000000000000e+03 2.881861252764770597e+03 2.875560668766758226e+03 2.837210974362810703e+03 2.858641957355428985e+03 2.813555099071760196e+03 2.853443820961008441e+03 2.804538305590047457e+03 2.854756699832730192e+03 2.806023446644571777e+03 2.859699258255945551e+03 2.814289252802298506e+03 2.866604309491135155e+03 2.826187774756142517e+03 2.874403310230515672e+03 2.839436541822253275e+03 2.882108927529554421e+03 2.852581155818682873e+03 2.888424585993859637e+03 2.864585885732602037e+03 2.891565556342316086e+03 2.874287107566236045e+03 2.889351753216497855e+03 2.880033064547269078e+03 2.879568364617644875e+03 2.879716505403014253e+03 2.860508633768696654e+03 2.871177436442798808e+03 2.831544542138131419e+03 2.852760408307431135e+03 2.793545176561035532e+03 2.823766719201932119e+03 2.748989537855972230e+03 2.784655333510873788e+03 2.701691180799210088e+03 2.737021160010485801e+03 2.656152035301733576e+03
2.956000000000000000e+03 2.935280265926683569e+03 2.897789620140984880e+03 2.901747665875944222e+03 2.857658115805786565e+03 2.883803010293017451e+03 2.836444905647002543e+03 2.876070175789019231e+03 2.829555045965209956e+03 2.874414083444037715e+03 2.832500168829257291e+03 2.876377683848347260e+03 2.841248421053965558e+03 2.880555646815239015e+03 2.852631710922034017e+03 2.885955541135221665e+03 2.864525790512512231e+03 2.891443691907788889e+03 2.875605013826744653e+03 2.895386313904493363e+03 2.884791334531238590e+03 2.895580311548254031e+03 2.890717166321077002e+03 2.889507252761416566e+03 2.891507076664173837e+03 2.874855100188195593e+03 2.884988382892772734e+03 2.850163845419898735e+03 2.869201284179423510e+03 2.815398367183371647e+03 2.842943642349779566e+03 2.772256884658965191e+03 2.806123229174254448e+03 2.724084320397667852e+03 2.759852067485594944e+03 2.675359675156038975e+03 2.706373967135784369e+03
3.011000000000000000e+03 2.967933635719475660e+03 2.952263494890078164e+03 2.909085564532699209e+03 2.919631519296068291e+03 2.874160795249042621e+03 2.901586167171422858e+03 2.857527136653613979e+03 2.892570449404066949e+03 2.854113897128587269e+03 2.889092540568036839e+03 2.859098230609531583e+03 2.889161093181071919e+03 2.868394713963271897e+03 2.891615519641913124e+03 2.879050345846863365e+03 2.895444686429609192e+03 2.889229672330092399e+03 2.899247798396044800e+03 2.897764913002037247e+03 2.900971982992169160e+03 2.903525192481939484e+03 2.898004743171421069e+03 2.904961589611612453e+03 2.887609188159940913e+03 2.900067402156296339e+03 2.867586458628461060e+03 2.886748700751619708e+03 2.836968761844549590e+03 2.863388595051945686e+03 2.796521231508726487e+03 2.829332352285353409e+03 2.748872202599383400e+03 2.785130877793917989e+03 2.698185835590773422e+03 2.732556621428652306e+03 2.649415272603864651e+03
3.039000000000000000e+03 3.008326561318698168e+03 2.966228463781336359e+03 2.960191663315837559e+03 2.916604786072631214e+03 2.930527432253441475e+03 2.889015687452326347e+03 2.913369765061183443e+03 2.878225417426351214e+03 2.904067294069500349e+03 2.878795377161281976e+03 2.899792889251076758e+03 2.885777100012774099e+03 2.898993735670849219e+03 2.895296125719459269e+03 2.900651665773505101e+03 2.904799297951562949e+03 2.903592183847659726e+03 2.912802439621166286e+03 2.906023357655597920e+03 2.918274785371097096e+03 2.905430272776412949e+03 2.920007313571374198e+03 2.898864000824445156e+03 2.916303980255140686e+03 2.883553337455672136e+03 2.905132573359225717e+03 2.857662758260880764e+03 2.884616562150004029e+03 2.820960676334736945e+03 2.853598956068565258e+03 2.775173657307538178e+03 2.812038209506624753e+03 2.723881794912415444e+03 2.761154122478647878e+03 2.671934241499212931e+03 2.703396045436620170e+03
3.075000000000000000e+03 3.028619845691141109e+03 3.005008765979548571e+03 2.962502038057670688e+03 2.962065926898906127e+03 2.922866931210384337e+03 2.935857992463008031e+03 2.903719991745974767e+03 2.920343322078759229e+03 2.899174855499905334e+03 2.911634943809802280e+03 2.903550126667454151e+03 2.907540092655782701e+03 2.912045180932332642e+03 2.906839297275429544e+03 2.921233186569557802e+03 2.908492778333984461e+03 2.929072534453245225e+03 2.910999560227772690e+03 2.934421162541557351e+03 2.912081182457014620e+03 2.936326009197116491e+03 2.908781244426777448e+03 2.933473994203766779e+03 2.897962321457912367e+03 2.924074028794218520e+03 2.877062007920627821e+03 2.906184555933336924e+03 2.844878729241445399e+03 2.878275332808730127e+03 2.802132976508357842e+03 2.839744565653331847e+03 2.751603304746528011e+03 2.791215130069434508e+03 2.697751673521485372e+03 2.734604099422761010e+03 2.645897327046202008e+03
3.093000000000000000e+03 3.053193759422894345e+03 3.010395297453708281e+03 2.995412676145797377e+03 2.957798685889103126e+03 2.959061873325487795e+03 2.929371573485303998e+03 2.936842145870857621e+03 2.918965370551095020e+03 2.923634439308679248e+03 2.920336540909533142e+03 2.916363841261824746e+03 2.927843616786930397e+03 2.913382281624367351e+03 2.937115870483104118e+03 2.913629060729501361e+03 2.945344389573349417e+03 2.915845550398898922e+03 2.951023022574974675e+03 2.918057603380177625e+03 2.953278312564736098e+03 2.917464515354852210e+03 2.951155086438362559e+03 2.910771165594941522e+03 2.943224548355125989e+03 2.894875661986031901e+03 2.927675307616621922e+03 2.867710046893071649e+03 2.902781225003864165e+03 2.828969485974506824e+03 2.867478174716340163e+03 2.780484152573003939e+03 2.821801664928942046e+03 2.726083956406034758e+03 2.767086978805695708e+03 2.670949307090269940e+03 2.705980934709950816e+03
3.102000000000000000e+03 3.058426984951545819e+03 3.029803625053708402e+03 2.992491075616378566e+03 2.982073892671009617e+03 2.953927758046828330e+03 2.952486315719870618e+03 2.936895885171298687e+03 2.934650024372503594e+03 2.934750700330318523e+03 2.924381274385781126e+03 2.941158968372105846e+03 2.919369690371059733e+03 2.950839604796185085e+03 2.918342783904160115e+03 2.960083027760967980e+03 2.920175272069486255e+03 2.966772405181716294e+03 2.923194695738615792e+03 2.969871976237172476e+03 2.924859655096041479e+03 2.968657196596178892e+03 2.921897210306126453e+03 2.962092758912519457e+03 2.910866675291512820e+03 2.948651041876710224e+03 2.888989600166410582e+03 2.926601711238921325e+03 2.854992201696797110e+03 2.894567485344443412e+03 2.809686604875392732e+03 2.852064753405204556e+03 2.756083665566465697e+03 2.799842436781473225e+03 2.698961952403628402e+03 2.739994883983477848e+03 2.643974789715867246e+03
3.108000000000000000e+03 3.065366033847647486e+03 3.025895071220700174e+03 3.004131370991559379e+03 2.976173848583836843e+03 2.966256838295946181e+03 2.951763962411939247e+03 2.943554838310138166e+03 2.945515305162913592e+03 2.930452159261894394e+03 2.950541579405532502e+03 2.923744449089679165e+03 2.960781579964200318e+03 2.921749027102615855e+03 2.971603478905835800e+03 2.923331408363204446e+03 2.980093004467831179e+03 2.927063421348475458e+03 2.984790281170066919e+03 2.930705974174970834e+03 2.984990254981107228e+03 2.931141647905835725e+03 2.979978740140802074e+03 2.924776484851933219e+03 2.968588357344410269e+03 2.908300942811365530e+03 2.949250765909466736e+03 2.879584710813573565e+03 2.920447522106364886e+03 2.838423957242014694e+03 2.881292690511535056e+03 2.786890100837485534e+03 2.831994199621225107e+03 2.729139514304713884e+03 2.774084307500378145e+03 2.670698145259448665e+03 2.710450820024106179e+03
3.102000000000000000e+03 3.057359073157806051e+03 3.024639536219934143e+03 2.994946727899836333e+03 2.977162558491482741e+03 2.962434799767988352e+03 2.949263360977869979e+03 2.951521057271022073e+03 2.933467511675029073e+03 2.954754286096404030e+03 2.925426973439281028e+03 2.965483155934135084e+03 2.922864834041654831e+03 2.978260843970291717e+03 2.924490126519238856e+03 2.989298349403936754e+03 2.929031021435938783e+03 2.996487214749224222e+03 2.934546007772787107e+03 2.998887122623822506e+03 2.938157386495291576e+03 2.995938429211743824e+03 2.936271005537503243e+03 2.986813272677903115e+03 2.925223753465181289e+03 2.970209786494519903e+03 2.902173301769514637e+03 2.944627455218444538e+03 2.865959174859619452e+03 2.908919860123165108e+03 2.817658038750351807e+03 2.862841004655129836e+03 2.760637161437686700e+03 2.807393503989214878e+03 2.700052353185790253e+03 2.744945691376122340e+03 2.641895982604755318e+03
3.090000000000000000e+03 3.043528576535882621e+03 3.009054169036050098e+03 2.984063005982476625e+03 2.967721256438667297e+03 2.950652567183266456e+03 2.951796083761128102e+03 2.932363387931021407e+03 2.952835226725179382e+03 2.923391509654790298e+03 2.963793097058284729e+03 2.920719182396992437e+03 2.978642097098102568e+03 2.922776623247152656e+03 2.992787136540203392e+03 2.928356848754528528e+03 3.003342623639186058e+03 2.935784062199697019e+03 3.008890703175127783e+03 2.942465178982728958e+03 3.008798092819718931e+03 2.944922531412699300e+03 3.002459876971671747e+03 2.939298873800111778e+03 2.988859938395950849e+03 2.922194581769431807e+03 2.966627799521521865e+03 2.891590100178570083e+03 2.934492487589341181e+03 2.847567508034979710e+03 2.891862535552937516e+03 2.792593627203418237e+03 2.839276436433447088e+03 2.731249258120470131e+03 2.778612926462399628e+03 2.669445173292827349e+03 2.713091518865268881e+03
