new_elev.asc
NCOLS 119 
NROWS 142 
xllcorner -2035500.0 
yllcorner 839500.0 
cellsize 1000.0 
NODATA_value -9999
[rows 119 to 135 of 142, columns 37 to 73 of 119]
1.468330655936905259e+03 1.469447731214508622e+03 1.470042648513524227e+03 1.470134524758428597e+03 1.469744215058489317e+03 1.468894109909271492e+03 1.467607953685782832e+03 1.465910678138636058e+03 1.463828244743854611e+03 1.461387490915411490e+03 1.458615976945292914e+03 1.455541832729125872e+03 1.452193605486576871e+03 1.448600111416837308e+03 1.444790295201793924e+03 1.440793101240335545e+03 1.436637359382842078e+03 1.432351685857446455e+03 1.427964397374840246e+03 1.423503433570888319e+03 1.418996280577806829e+03 1.414469887145911116e+03 1.409950564756219592e+03 1.405463864723565621e+03 1.401034428281842338e+03 1.396685809717467237e+03 1.392440277242694265e+03 1.388318600846197114e+03 1.384339840183431534e+03 1.380521148108926354e+03 1.376877606296889780e+03 1.373422108353338672e+03 1.370165302955492280e+03 1.367115605179883232e+03 1.364279278825980327e+03 1.361660586857651651e+03 1.359262001737890159e+03
1.451819509542918695e+03 1.452721666760217886e+03 1.453112963346380184e+03 1.453013002115389099e+03 1.452442748088540156e+03 1.451424368442241757e+03 1.449981107309043637e+03 1.448137183192616021e+03 1.445917697340674749e+03 1.443348543448988949e+03 1.440456312095247085e+03 1.437268186843286912e+03 1.433811832502836296e+03 1.430115279038186145e+03 1.426206806569550281e+03 1.422114837388762453e+03 1.417867839722464851e+03 1.413494245242485249e+03 1.409022378512144087e+03 1.404480392421136457e+03 1.399896200091718811e+03 1.395297391573150662e+03 1.390711123481203458e+03 1.386163971825791350e+03 1.381681742443273379e+03 1.377289239194496076e+03 1.373009996631657486e+03 1.368865990269664053e+03 1.364877343005547800e+03 1.361062049805423612e+03 1.357435743930813715e+03 1.354011526423261330e+03 1.350799876399146342e+03 1.347808653396937643e+03 1.345043195353577175e+03 1.342506507736093681e+03 1.340199531903154821e+03
1.434944891164557021e+03 1.435632016128637588e+03 1.435822955855484224e+03 1.435537716258294495e+03 1.434797181964332594e+03 1.433623019123861013e+03 1.432037628936892361e+03 1.430064131493974401e+03 1.427726360931088948e+03 1.425048856250050449e+03 1.422056836851983917e+03 1.418776157271459851e+03 1.415233241127414658e+03 1.411454999176377441e+03 1.407468739766503177e+03 1.403302081243778957e+03 1.398982874551230907e+03 1.394539140474389569e+03 1.389999020378268142e+03 1.385390732995795588e+03 1.380742524256066190e+03 1.376082593599775237e+03 1.371438979658417338e+03 1.366839390940263002e+03 1.362310973018301411e+03 1.357880011873351123e+03 1.353571582371990644e+03 1.349409160048870490e+03 1.345414222113313372e+03 1.341605868756271775e+03 1.338000497531131259e+03 1.334611561388515383e+03 1.331449434975005715e+03 1.328521404750008742e+03 1.325831787513571726e+03 1.323382170532276632e+03 1.321171756068769810e+03
1.417717604234022474e+03 1.418188828705390279e+03 1.418182389638521727e+03 1.417718578173777132e+03 1.416817950096277400e+03 1.415501319787585999e+03 1.413789822905671144e+03 1.411705016302295689e+03 1.409268986500610254e+03 1.406504443336430995e+03 1.403434782356658161e+03 1.400084107600391462e+03 1.396477214700652439e+03 1.392639541835429327e+03 1.388597101706151307e+03 1.384376410225914697e+03 1.380004426152918768e+03 1.375508510473511251e+03 1.370916405849876128e+03 1.366256226669544503e+03 1.361556441378164891e+03 1.356845822941085089e+03 1.352153341936174002e+03 1.347507980469433733e+03 1.342938453394192948e+03 1.338472834991351874e+03 1.334138102643737511e+03 1.329959622242472960e+03 1.325960611263131113e+03 1.322161623003665682e+03 1.318580098107420554e+03 1.315230026509502750e+03 1.312121754450160779e+03 1.309261958196647356e+03 1.306653790385013053e+03 1.304297188662718781e+03 1.302189321804015208e+03
1.400148379159278647e+03 1.400401894037159309e+03 1.400200705010251113e+03 1.399565214285998536e+03 1.398515315842271775e+03 1.397070520312975077e+03 1.395250168131912687e+03 1.393073684602928324e+03 1.390560835696073809e+03 1.387731951344514528e+03 1.384608092991931244e+03 1.381211153566196572e+03 1.377563890206317410e+03 1.373689901664881972e+03 1.369613571467569955e+03 1.365360002544616691e+03 1.360954967569487053e+03 1.356424891304351604e+03 1.351796868167517459e+03 1.347098702801418540e+03 1.342358947213226884e+03 1.337606898473100500e+03 1.332872518302172921e+03 1.328186240914575365e+03 1.323578647392846051e+03 1.319080001725832972e+03 1.314719662891238613e+03 1.310525406373075384e+03 1.306522704747151693e+03 1.302734028151454822e+03 1.299178229675447710e+03 1.295870076783602599e+03 1.292819977840266347e+03 1.290033934056766611e+03 1.287513724447489949e+03 1.285257308105532957e+03 1.283259407710543201e+03
1.382246996058780496e+03 1.382279883992100167e+03 1.381886220958596596e+03 1.381086257659909279e+03 1.379898770828263423e+03 1.378341374954572530e+03 1.376430941796716297e+03 1.374184061900149572e+03 1.371617491194926060e+03 1.368748537254634357e+03 1.365595353337967026e+03 1.362177123920479062e+03 1.358514142749147140e+03 1.354627801995094842e+03 1.350540525908081236e+03 1.346275690796281651e+03 1.341857572053840158e+03 1.337311347273435103e+03 1.332663164057990343e+03 1.327940256509574056e+03 1.323171071454493813e+03 1.318385349824044397e+03 1.313614103895784865e+03 1.308889438263273405e+03 1.304244179865105480e+03 1.299711306922754829e+03 1.295323194373094339e+03 1.291110720667216810e+03 1.287102304340065984e+03 1.283322955431660830e+03 1.279793433773029392e+03 1.276529601258364664e+03 1.273542038167008513e+03 1.270835966383523555e+03 1.268411489174454800e+03 1.266264123442868367e+03 1.264385571457329206e+03
1.364021182404012507e+03 1.363829293202228200e+03 1.363245170041879646e+03 1.362288512942761827e+03 1.360976349314496929e+03 1.359323610804615328e+03 1.357343834210742898e+03 1.355049896137042879e+03 1.352454705675234209e+03 1.349571795145252509e+03 1.346415766015522649e+03 1.343002567225978510e+03 1.339349607210342128e+03 1.335475727399335938e+03 1.331401089245219964e+03 1.327147042195928861e+03 1.322736040453881742e+03 1.318191659132817222e+03 1.313538728189405902e+03 1.308803562778690775e+03 1.304014231512913284e+03 1.299200778776077186e+03 1.294395309513731263e+03 1.289631855772459858e+03 1.284945970490393165e+03 1.280374030028733841e+03 1.275952266779571346e+03 1.271715592004757809e+03 1.267696302941456452e+03 1.263922793222691780e+03 1.260418397350936630e+03 1.257200494409769362e+03 1.254279972100215900e+03 1.251661112308343945e+03 1.249341910336387627e+03 1.247314790376664632e+03 1.245567638333002833e+03
1.345475229258701802e+03 1.345053134729828798e+03 1.344280538958997340e+03 1.343175983658308269e+03 1.341753861556459469e+03 1.340025367286137680e+03 1.337999578951541707e+03 1.335684550998334316e+03 1.333088322382049910e+03 1.330219763856194731e+03 1.327089207176501532e+03 1.323708822727797497e+03 1.320092744513961179e+03 1.316256981579073454e+03 1.312219195327699254e+03 1.307998450744920319e+03 1.303615054142324425e+03 1.299090564740674836e+03 1.294448015873090299e+03 1.289712316758560291e+03 1.284910745112998484e+03 1.280073400105339715e+03 1.275233473415122035e+03 1.270427213892110331e+03 1.265693501889598792e+03 1.261073002669311336e+03 1.256606925069106637e+03 1.252335465845343606e+03 1.248296068214878460e+03 1.244521660884069206e+03 1.241039064182766651e+03 1.237867744981231226e+03 1.235019068145520350e+03 1.232496133144867827e+03 1.230294210749970716e+03 1.228401720844444299e+03 1.226801632088113138e+03
1.326608249272024750e+03 1.325949334972904126e+03 1.324990682127105629e+03 1.323748751272731170e+03 1.322234054410835142e+03 1.320452629985169551e+03 1.318407633033647471e+03 1.316100891202539970e+03 1.313534313551672312e+03 1.310711060290581372e+03 1.307636396895678445e+03 1.304318179428830263e+03 1.300766959756080723e+03 1.296995760617331143e+03 1.293019639242451603e+03 1.288855211990970929e+03 1.284520327431327360e+03 1.280034038190262891e+03 1.275416938224952446e+03 1.270691824803201825e+03 1.265884544528033757e+03 1.261024817469642130e+03 1.256146817203164574e+03 1.251289315831526437e+03 1.246495268028936380e+03 1.241810788054406657e+03 1.237283553422474597e+03 1.232960742030126312e+03 1.228886676083612429e+03 1.225100403721956582e+03 1.221633486010248816e+03 1.218508256334170483e+03 1.215736771700907411e+03 1.213320586352945156e+03 1.211251365537794072e+03 1.209512245132378212e+03 1.208079753814008882e+03
1.307411971640899083e+03 1.306508756116313634e+03 1.305367671133789827e+03 1.304001699220037153e+03 1.302415716239912626e+03 1.300608693898231650e+03 1.298575955916763178e+03 1.296311318723709064e+03 1.293809001225517250e+03 1.291065201720588448e+03 1.288079237727533382e+03 1.284854157126067776e+03 1.281396779517734558e+03 1.277717221030359724e+03 1.273828075397233533e+03 1.269743527114078461e+03 1.265478710967778852e+03 1.261049577994080437e+03 1.256473389229319764e+03 1.251769777641625296e+03 1.246962152169573983e+03 1.242079113678259091e+03 1.237155533317566096e+03 1.232233002432672492e+03 1.227359471204921647e+03 1.222588014797490359e+03 1.217974774869940802e+03 1.213576216225982762e+03 1.209445925717059936e+03 1.205631269615158772e+03 1.202170295499359099e+03 1.199089277800022046e+03 1.196401239687083262e+03 1.194105646820481979e+03 1.192189293148573597e+03 1.190628225862699310e+03 1.189390422938841311e+03
1.287867931629586110e+03 1.286712756902577894e+03 1.285395342363383634e+03 1.283923084977338021e+03 1.282292757513335346e+03 1.280493706954284335e+03 1.278510953542017660e+03 1.276328039531793820e+03 1.273929549811405423e+03 1.271303207857968118e+03 1.268441399962553305e+03 1.265341959603866144e+03 1.262008097118925662e+03 1.258447505774228375e+03 1.254670887795168028e+03 1.250690343978628334e+03 1.246518160857338444e+03 1.242166449770970758e+03 1.237647856361732011e+03 1.232977247635925323e+03 1.228174002962560280e+03 1.223264369963782883e+03 1.218283330656432554e+03 1.213275537857981362e+03 1.208295068733083326e+03 1.203403931672160525e+03 1.198669405776038275e+03 1.194160390219180272e+03 1.189943042620800497e+03 1.186076127137459935e+03 1.182606633318889862e+03 1.179566276412356046e+03 1.176969395553577669e+03 1.174812548493159738e+03 1.173075822993846486e+03 1.171725613891018611e+03 1.170718410474442180e+03
1.267943862050767621e+03 1.266530186245843197e+03 1.265047014904279195e+03 1.263492985324797701e+03 1.261853321381014212e+03 1.260104364287611588e+03 1.258217672633409165e+03 1.256163664477236125e+03 1.253914852727765265e+03 1.251448614290949990e+03 1.248749273344690209e+03 1.245809179595883052e+03 1.242628500075436932e+03 1.239213666865534378e+03 1.235574807397322502e+03 1.231722878510959390e+03 1.227667427950817455e+03 1.223415788287971964e+03 1.218974094628882540e+03 1.214349969573818271e+03 1.209556239067260321e+03 1.204614781599317666e+03 1.199559620909311889e+03 1.194438601002228552e+03 1.189313317711534182e+03 1.184257286723353445e+03 1.179352503863321999e+03 1.174684608561077312e+03 1.170336941854291354e+03 1.166384025321732224e+03 1.162885287560531651e+03 1.159880004197207427e+03 1.157384275024622639e+03 1.155390500628312111e+03 1.153869371081964346e+03 1.152773950660998707e+03 1.152045124457707971e+03
1.247589027622211916e+03 1.245913697113520129e+03 1.244282884840204133e+03 1.242681685512060085e+03 1.241079013978367357e+03 1.239433844497871178e+03 1.237700345646951519e+03 1.235832271414192292e+03 1.233786977669992666e+03 1.231529090647776229e+03 1.229033474391235359e+03 1.226286889615935252e+03 1.223287709681007982e+03 1.220043386873234795e+03 1.216566068387750420e+03 1.212867552864274785e+03 1.208955222091590031e+03 1.204830398576067410e+03 1.200489827580936435e+03 1.195929995512069809e+03 1.191153167097829055e+03 1.186173616619855693e+03 1.181022607324929140e+03 1.175751129993708219e+03 1.170430032098102174e+03 1.165147691044351632e+03 1.160005584627473127e+03 1.155111977906513857e+03 1.150573875463264812e+03 1.146487805828596720e+03 1.142930691007691621e+03 1.139952404043302067e+03 1.137571364059101597e+03 1.135773883279666734e+03 1.134517249770169883e+03 1.133735854122908677e+03 1.133349162005970584e+03
1.226728154748790530e+03 1.224795288458560890e+03 1.223047189727450132e+03 1.221448173882532728e+03 1.219944396961584971e+03 1.218472091930468878e+03 1.216963384063568583e+03 1.215351068152894641e+03 1.213573385653701507e+03 1.211578951462340228e+03 1.209331218503858054e+03 1.206811356258803016e+03 1.204018201691485501e+03 1.200964347848478610e+03 1.197668756948170994e+03 1.194147906239175882e+03 1.190408439925212633e+03 1.186443991838670854e+03 1.182237419497047540e+03 1.177767872682500183e+03 1.173020675721057614e+03 1.167997385608876812e+03 1.162723646264134004e+03 1.157253358553844009e+03 1.151668853204589595e+03 1.146077716166751770e+03 1.140607150443669070e+03 1.135396038200222392e+03 1.130584221591790083e+03 1.126299341083125455e+03 1.122643246536847300e+03 1.119680824342466394e+03 1.117433497195877862e+03 1.115878458837034486e+03 1.114953543293242546e+03 1.114566591823454928e+03 1.114607341329009387e+03
1.205253488174866334e+03 1.203081072210749653e+03 1.201265442697961134e+03 1.199739080827372163e+03 1.198416956626017736e+03 1.197206529409857012e+03 1.196012866556887502e+03 1.194742774435750334e+03 1.193310192151929641e+03 1.191642993769788063e+03 1.189690078764667760e+03 1.187426815993461787e+03 1.184856167838377814e+03 1.182003017057888655e+03 1.178901770687110002e+03 1.175580723154894258e+03 1.172048764308126465e+03 1.168289426549797327e+03 1.164264447328137749e+03 1.159925607995573728e+03 1.155231098157457382e+03 1.150161779531570801e+03 1.144733394634896513e+03 1.139002480637709141e+03 1.133065936247943682e+03 1.127056115331579804e+03 1.121133816815287901e+03 1.115479204443781782e+03 1.110278078553684736e+03 1.105702754355105753e+03 1.101891172764756448e+03 1.098929741928400290e+03 1.096843680728207346e+03 1.095596242729950518e+03 1.095096509400380910e+03 1.095213973738362483e+03 1.095796606329977294e+03
1.183014323217291803e+03 1.180645514388988431e+03 1.178842503976830812e+03 1.177488741939490410e+03 1.176457840963148328e+03 1.175623174003056192e+03 1.174858407622005643e+03 1.174038741082902561e+03 1.173046776045709521e+03 1.171782319208441322e+03 1.170174037628455835e+03 1.168190145214850872e+03 1.165843180639261163e+03 1.163182500489042923e+03 1.160273393504640808e+03 1.157169076294092974e+03 1.153886463684671071e+03 1.150395264026524956e+03 1.146624108657758825e+03 1.142480911240779278e+03 1.137880339368946352e+03 1.132770238073363544e+03 1.127150431971564103e+03 1.121080434683740350e+03 1.114676535880874326e+03 1.108102793845973338e+03 1.101562620449027690e+03 1.095291137276988138e+03 1.089539185006925891e+03 1.084544616933150792e+03 1.080498612817427556e+03 1.077518764893501157e+03 1.075634887890825439e+03 1.074788544350934671e+03 1.074845541307884105e+03 1.075619038781921972e+03 1.076897521243831761e+03
1.159803024695213708e+03 1.157326032830612803e+03 1.155663332363478958e+03 1.154621706613722154e+03 1.154023663072388899e+03 1.153707784559162519e+03 1.153514911582521336e+03 1.153282569234600942e+03 1.152852014888956091e+03 1.152083125655939511e+03 1.150873443819141130e+03 1.149179048836355832e+03 1.147029367850597737e+03 1.144518931346194677e+03 1.141771738756793638e+03 1.138889994461777633e+03 1.135909390477544321e+03 1.132779540617259499e+03 1.129375480803286564e+03 1.125533665863384158e+03 1.121098708068214137e+03 1.115966532882827551e+03 1.110113245428905884e+03 1.103604164796189252e+03 1.096583903348303920e+03 1.089256571607179922e+03 1.081875780151181971e+03 1.074747550904443415e+03 1.068216434304112681e+03 1.062619483166610735e+03 1.058228019053679191e+03 1.055205012190897378e+03 1.053585367893660077e+03 1.053276498101107336e+03 1.054077881657190119e+03 1.055718446683245020e+03 1.057900660929263040e+03
