new_elev.asc
NCOLS 119 
NROWS 142 
xllcorner -2035500.0 
yllcorner 839500.0 
cellsize 1000.0 
NODATA_value -9999
[rows 34 to 50 of 142, columns 74 to 110 of 119]
1.886853418795767539e+03 1.874742984178933511e+03 1.862201005053866538e+03 1.849224506369118899e+03 1.835811493410614048e+03 1.821961109195410700e+03 1.807673765520217557e+03 1.792951243256986345e+03 1.777796758508214225e+03 1.762214992347118368e+03 1.746212083017957639e+03 1.729795580606019030e+03 1.712974365255939574e+03 1.695758530978691851e+03 1.678159237908015712e+03 1.660188536522583263e+03 1.641859167827313740e+03 1.623184343782405904e+03 1.604177512386855369e+03 1.584852111776243191e+03 1.565221317498398093e+03 1.545297786802707378e+03 1.525093403335380117e+03 1.504619025085395606e+03 1.483884237778121815e+03 1.462897115159237956e+03 1.441663986731181467e+03 1.420189212463949843e+03 1.398474962754722128e+03 1.376521000404810820e+03 1.354324459588447553e+03 1.331879614767843577e+03 1.309177630587976182e+03 1.286206282967898005e+03 1.262949644603251272e+03 1.239387741915855941e+03 1.215496233315874179e+03
1.895820656952597119e+03 1.883757260745725716e+03 1.871257544472217660e+03 1.858319309637602146e+03 1.844941368626200983e+03 1.831123704528174130e+03 1.816867605091995529e+03 1.802175766160310332e+03 1.787052360908734499e+03 1.771503072272120107e+03 1.755535087060212618e+03 1.739157051383869657e+03 1.722378988086375330e+03 1.705212177859552412e+03 1.687669006586243768e+03 1.669762782162642907e+03 1.651507524598223881e+03 1.632917733558747159e+03 1.614008137707830883e+03 1.594793430219899847e+03 1.575287994690898131e+03 1.555505625372881923e+03 1.535459245212145106e+03 1.515160624578780244e+03 1.494620102827592291e+03 1.473846313896003949e+03 1.452845915964750930e+03 1.431623323678529459e+03 1.410180439376349568e+03 1.388516376943666728e+03 1.366627167842897052e+03 1.344505432936872239e+03 1.322139994846955688e+03 1.299515392150941807e+03 1.276611236151908770e+03 1.253401319083459384e+03 1.229852332273036609e+03
1.904478901436196793e+03 1.892478758962102802e+03 1.880038572067218183e+03 1.867156903456886312e+03 1.853833345945528663e+03 1.840068684716448843e+03 1.825865034286419359e+03 1.811225945307832262e+03 1.796156477250523494e+03 1.780663234027859062e+03 1.764754360719640317e+03 1.748439500649443517e+03 1.731729713149844429e+03 1.714637353353280560e+03 1.697175916242959374e+03 1.679359847958248793e+03 1.661204327951434607e+03 1.642725026024508679e+03 1.623937838529863711e+03 1.604858608097365959e+03 1.585502831155944932e+03 1.565885357255229337e+03 1.546020083763874936e+03 1.525919648920383906e+03 1.505595125419228225e+03 1.485055715685102314e+03 1.464308448635847981e+03 1.443357875909090353e+03 1.422205762970307205e+03 1.400850766793525054e+03 1.379288086169655799e+03 1.357509061886310519e+03 1.335500689836953143e+03 1.313244986637241254e+03 1.290718107336116191e+03 1.267889044442064915e+03 1.244717608616709867e+03
1.912817719488095236e+03 1.900896826502086469e+03 1.888533191022409710e+03 1.875726119427228696e+03 1.862475956906813281e+03 1.848784252144235552e+03 1.834653897405640919e+03 1.820089238957148609e+03 1.805096153586506034e+03 1.789682087990817081e+03 1.773856058851939451e+03 1.757628612512177597e+03 1.741011744239429163e+03 1.724018778090897513e+03 1.706664209310908518e+03 1.688963512000567789e+03 1.670932915451448480e+03 1.652589153025967335e+03 1.633949187784190826e+03 1.615029919196850415e+03 1.595847875247828597e+03 1.576418894018073388e+03 1.556757798456978890e+03 1.536878067479844731e+03 1.516791505760615564e+03 1.496507913572433154e+03 1.476034756677504674e+03 1.455376834424831031e+03 1.434535941602853200e+03 1.413510515734501269e+03 1.392295255562897410e+03 1.370880687004720585e+03 1.349252637274935068e+03 1.327391551583492173e+03 1.305271541266798977e+03 1.282858971473341171e+03 1.260110250006448496e+03
1.920826305703863454e+03 1.909000307161596993e+03 1.896729871434185725e+03 1.884015029456791126e+03 1.870856850003581712e+03 1.857257606760001636e+03 1.843220921642073790e+03 1.828751879074206499e+03 1.813857106752239361e+03 1.798544819364148225e+03 1.782824822774256972e+03 1.766708477253403089e+03 1.750208619413045653e+03 1.733339443534039901e+03 1.716116343933108510e+03 1.698555720849982663e+03 1.680674753040287669e+03 1.662491140804856514e+03 1.644022823563417660e+03 1.625287676283585370e+03 1.606303189103597333e+03 1.587086134340856006e+03 1.567652224759748151e+03 1.548015766479340527e+03 1.528189309222961128e+03 1.508183295717868077e+03 1.488005710882739095e+03 1.467661729876990194e+03 1.447153361917850134e+03 1.426479083625390103e+03 1.405633450878401391e+03 1.384606670612671678e+03 1.363384101667676987e+03 1.341945633171753798e+03 1.320264853844897971e+03 1.298307865048357371e+03 1.276031485342576161e+03
1.928493678289143190e+03 1.916777742684839041e+03 1.904616657226684310e+03 1.892011157307505528e+03 1.878963006396536912e+03 1.865475165449332280e+03 1.851551939534936764e+03 1.837199096197395193e+03 1.822423950839538293e+03 1.807235415326056909e+03 1.791644007009610277e+03 1.775661816445173827e+03 1.759302433130789495e+03 1.742580829655868456e+03 1.725513205613274067e+03 1.708116793505591431e+03 1.690409629622314924e+03 1.672410293462702157e+03 1.654137619715107121e+03 1.635610387070418710e+03 1.616846988243214128e+03 1.597865085502402962e+03 1.578681255779532421e+03 1.559310629034576777e+03 1.539766523021092098e+03 1.520060076904119342e+03 1.500199885331493988e+03 1.480191633505169193e+03 1.460037732465403678e+03 1.439736952037942956e+03 1.419284046434343509e+03 1.398669363874844294e+03 1.377878426049895324e+03 1.356891454518659430e+03 1.335682807407799828e+03 1.314220268499626854e+03 1.292464099202254147e+03
1.935808874393120959e+03 1.924217575874255544e+03 1.912181376553882728e+03 1.899701695809595094e+03 1.886780963439664674e+03 1.873422791324359423e+03 1.859632123402304387e+03 1.845415358297113016e+03 1.830780439656686212e+03 1.815736910140351256e+03 1.800295925968816846e+03 1.784470229997351453e+03 1.768274082341370558e+03 1.751723148634652489e+03 1.734834346995526630e+03 1.717625655681781836e+03 1.700115884202547022e+03 1.682324411303124634e+03 1.664270893731571050e+03 1.645974950025553426e+03 1.627455823723174035e+03 1.608732030407158163e+03 1.589820992849496861e+03 1.570738668251201943e+03 1.551499171194031533e+03 1.532114395470991440e+03 1.512593637483971179e+03 1.492943223449434072e+03 1.473166142319991195e+03 1.453261686233549881e+03 1.433225100635708259e+03 1.413047247313834305e+03 1.392714286041421474e+03 1.372207385571916802e+03 1.351502484890456344e+03 1.330570146421784557e+03 1.309375586119399713e+03
1.942761141028446673e+03 1.931308351202037329e+03 1.919411851621440064e+03 1.907073725399839759e+03 1.894297041407573033e+03 1.881086028058422016e+03 1.867446226627281703e+03 1.853384618266617053e+03 1.838909719572949825e+03 1.824031642391069909e+03 1.808762114496083086e+03 1.793114458821800781e+03 1.777103529967047507e+03 1.760745607768496484e+03 1.744058248741322359e+03 1.727060097122793650e+03 1.709770658079645273e+03 1.692210036334387496e+03 1.674398644012172554e+03 1.656356881899206201e+03 1.638104798534297970e+03 1.619661731633664203e+03 1.601045936291334783e+03 1.582274204230606301e+03 1.563361478148010519e+03 1.544320464953652390e+03 1.525161251566397596e+03 1.505890927016039768e+03 1.486513215166026384e+03 1.467028123762876703e+03 1.447431618331050458e+03 1.427715334641469781e+03 1.407866352752523198e+03 1.387867071881964421e+03 1.367695253957303976e+03 1.347324354736820169e+03 1.326724354825719956e+03
1.949340118262832675e+03 1.938038909281583528e+03 1.926296103963352380e+03 1.914114429701030531e+03 1.901497568831021454e+03 1.888450334370233122e+03 1.874978826607617066e+03 1.861090564565528439e+03 1.846794586986800368e+03 1.832101518303409421e+03 1.817023595967044457e+03 1.801574656532248582e+03 1.785770078938653796e+03 1.769626684499952489e+03 1.753162594135145810e+03 1.736397044337192256e+03 1.719350164235054990e+03 1.702042716842584923e+03 1.684495808183654844e+03 1.666730568426550690e+03 1.648767809449162314e+03 1.630627663396310709e+03 1.612329206799059648e+03 1.593890074734778864e+03 1.575326069367927630e+03 1.556650767106851163e+03 1.537875128669773858e+03 1.519007116775983377e+03 1.500051327287016193e+03 1.481008641929971873e+03 1.461875915063282036e+03 1.442645714619342243e+03 1.423306150522739699e+03 1.403840846030611374e+03 1.384229144334156445e+03 1.364446704135417804e+03 1.344466741027923945e+03
1.955536011611832919e+03 1.944398571776240260e+03 1.932822551401330202e+03 1.920811304025898380e+03 1.908369101985638963e+03 1.895501313871567845e+03 1.882214564259552162e+03 1.868516869591378509e+03 1.854417744685365051e+03 1.839928275117809562e+03 1.825061151612448612e+03 1.809830663566393014e+03 1.794252649888242559e+03 1.778344406387481285e+03 1.762124549995160123e+03 1.745612841078673682e+03 1.728829966006444010e+03 1.711797282895346598e+03 1.694536534114507958e+03 1.677069529610562086e+03 1.659417805456168026e+03 1.641602262209333730e+03 1.623642787720683145e+03 1.605557868968984394e+03 1.587364197392734241e+03 1.569076272100222013e+03 1.550706005415003801e+03 1.532262335660644112e+03 1.513750853247860960e+03 1.495173448541839207e+03 1.476527994520173706e+03 1.457808085239152206e+03 1.439002864702739998e+03 1.420097003014485381e+03 1.401070912160823582e+03 1.381901348233123827e+03 1.362562626507737605e+03
1.961339750862306801e+03 1.950377313609186785e+03 1.938980193188003113e+03 1.927152352948725820e+03 1.914898634325611965e+03 1.902224935726521835e+03 1.889138375188723330e+03 1.875647430565767081e+03 1.861762051564689500e+03 1.847493738679255330e+03 1.832855584931705835e+03 1.817862277306771375e+03 1.802530055799008096e+03 1.786876629058470371e+03 1.770921046671684053e+03 1.754683529118499109e+03 1.738185257367895474e+03 1.721448124889080646e+03 1.704494455535644875e+03 1.687346691293775166e+03 1.670027054261149260e+03 1.652557187439645986e+03 1.634957778990406496e+03 1.617248174534570808e+03 1.599445981925193109e+03 1.581566672730180017e+03 1.563623184559278116e+03 1.545625528514319740e+03 1.527580406723873239e+03 1.509490846597436530e+03 1.491355861829171772e+03 1.473170156440185565e+03 1.454923899010263312e+03 1.436602612212799158e+03 1.418187251014179765e+03 1.399654584290495677e+03 1.380978047702494905e+03
1.966743132899317061e+03 1.955965919680474826e+03 1.944758780176820437e+03 1.933126273429918911e+03 1.921073791997274611e+03 1.908607741915489214e+03 1.895735707989083039e+03 1.882466598074261810e+03 1.868810760539005059e+03 1.854780069770371256e+03 1.840387975437067780e+03 1.825649512165757187e+03 1.810581267315684272e+03 1.795201305599172429e+03 1.779529050356721427e+03 1.763585122317876085e+03 1.747391137628797651e+03 1.730969467774532177e+03 1.714342964743020730e+03 1.697534655348836850e+03 1.680567409042839699e+03 1.663463583770683272e+03 1.646244654506102506e+03 1.628930828979390526e+03 1.611540654863029431e+03 1.594090622295510002e+03 1.576594765175424072e+03 1.559064264234916664e+03 1.541507054664529733e+03 1.523927441280690573e+03 1.506325725355209670e+03 1.488697850012125855e+03 1.471035076759898629e+03 1.453323716196172882e+03 1.435544954102614156e+03 1.417674843932158183e+03 1.399684581618464790e+03
1.971738946483538939e+03 1.961156123682603720e+03 1.950148967258987113e+03 1.938722620389456097e+03 1.926883011992360707e+03 1.914637037337156698e+03 1.901992725587451787e+03 1.888959387873588412e+03 1.875547739960730041e+03 1.861769994230989141e+03 1.847639916505314886e+03 1.833172844159551005e+03 1.818385663002860611e+03 1.803296741447252771e+03 1.787925821565740307e+03 1.772293867676321042e+03 1.756422874064451207e+03 1.740335634336233170e+03 1.724055475650130120e+03 1.707605961682714678e+03 1.691010568623548352e+03 1.674292338748966131e+03 1.657473516179868511e+03 1.640575169271647610e+03 1.623616803702389461e+03 1.606615969705174621e+03 1.589587866017503529e+03 1.572544941982120008e+03 1.555496497821398862e+03 1.538448281433855300e+03 1.521402078188252517e+03 1.504355288299406311e+03 1.487300484917610902e+03 1.470224946148885920e+03 1.453110158456832323e+03 1.435931303551042220e+03 1.418656781330462763e+03
1.976321077320516679e+03 1.965940727022586543e+03 1.955142445747842658e+03 1.943931952089803190e+03 1.932315699991106385e+03 1.920301059499062831e+03 1.907896486096463605e+03 1.895111672153731206e+03 1.881957674476882858e+03 1.868447012541511867e+03 1.854593732779804895e+03 1.840413435193807572e+03 1.825923259568441836e+03 1.811141829614513881e+03 1.796089154446914108e+03 1.780786487858776127e+03 1.765256146852695792e+03 1.749521291802020187e+03 1.733605671408413400e+03 1.717533336269038045e+03 1.701328325342593416e+03 1.685014329883736082e+03 1.668614339474252347e+03 1.652150274586021624e+03 1.635642609624666420e+03 1.619109989566168224e+03 1.602568842026662878e+03 1.586032984771347856e+03 1.569513226083122390e+03 1.553016951797618276e+03 1.536547687770547782e+03 1.520104619532057541e+03 1.503682041232449137e+03 1.487268693089211183e+03 1.470846930575069791e+03 1.454391652736781452e+03 1.437868914334661440e+03
1.980484592167159917e+03 1.970313696294708052e+03 1.959732053860625456e+03 1.948745953192769321e+03 1.937362365484572592e+03 1.925589125122651467e+03 1.913435100251008407e+03 1.900910347092472193e+03 1.888026241935484677e+03 1.874795585273430333e+03 1.861232673329747286e+03 1.847353333084953420e+03 1.833174917907271265e+03 1.818716261940051027e+03 1.803997592478859133e+03 1.789040400641396445e+03 1.773867271658157051e+03 1.758501677056778362e+03 1.742967731846682682e+03 1.727289920503108078e+03 1.711492796072353258e+03 1.695600657043212777e+03 1.679637206719010237e+03 1.663625199636289381e+03 1.647586079048133115e+03 1.631539608529792986e+03 1.615503499229922909e+03 1.599493031961719680e+03 1.583520669860813086e+03 1.567595652194852391e+03 1.551723552260071301e+03 1.535905770852927617e+03 1.520138919577097568e+03 1.504414022219622439e+03 1.488715423075956778e+03 1.473019231735863741e+03 1.457291044621066703e+03
1.984225801126060105e+03 1.974270238193597834e+03 1.963911863934086796e+03 1.953157533883187398e+03 1.942014732336554744e+03 1.930491751602855402e+03 1.918597863160844554e+03 1.906343474241069998e+03 1.893740263700107789e+03 1.880801291597801992e+03 1.867541077602862515e+03 1.853975644210774590e+03 1.840122521727433650e+03 1.826000713016522241e+03 1.811630617091368777e+03 1.797033911715715249e+03 1.782233396226471996e+03 1.767252796770817895e+03 1.752116537027753566e+03 1.736849478229920351e+03 1.721476632885185154e+03 1.706022856987406158e+03 1.690512525664425311e+03 1.674969197089146974e+03 1.659415269005088703e+03 1.643871631282243925e+03 1.628357316352113230e+03 1.612889146902346738e+03 1.597481376410842813e+03 1.582145312276847562e+03 1.566888902352963441e+03 1.551716251797564837e+03 1.536627015396230718e+03 1.521615575887616615e+03 1.506669862794597520e+03 1.491769573232533730e+03 1.476883395965387990e+03
1.987542297676995759e+03 1.977806851202190501e+03 1.967677245502084816e+03 1.957160903991111354e+03 1.946265823531660772e+03 1.935000751895981011e+03 1.923375358793173746e+03 1.911400394007847808e+03 1.899087826504979375e+03 1.886450958861704294e+03 1.873504512069936027e+03 1.860264676586856240e+03 1.846749126461967990e+03 1.832976994405089272e+03 1.818968806743230743e+03 1.804746378309521788e+03 1.790332668378754079e+03 1.775751599778125865e+03 1.761027844226796560e+03 1.746186577764374533e+03 1.731253210787760054e+03 1.716253097697999692e+03 1.701211231429301279e+03 1.686151928145503689e+03 1.671098507079128012e+03 1.656072969753098278e+03 1.641095681504131562e+03 1.626185056060443003e+03 1.611357240495007318e+03 1.596625792496674876e+03 1.582001333458505542e+03 1.567491147532897230e+03 1.553098675461628318e+03 1.538822817385437702e+03 1.524656901713211255e+03 1.510587080636544442e+03 1.496589745118477595e+03
