new_elev.asc
NCOLS 97 
NROWS 88 
xllcorner 902500.0 
yllcorner 148500.0 
cellsize 1000.0 
NODATA_value -9999
[rows 17 to 33 of 88, columns 37 to 73 of 97]
2.686043719586035422e+03 2.658838437812147731e+03 2.623843793139075387e+03 2.606429696104158211e+03 2.593627581313660812e+03 2.585003642833669346e+03 2.584128490889194836e+03 2.585481630813473203e+03 2.594808403904675288e+03 2.607908660121241155e+03 2.632813898195980528e+03 2.645692293830522431e+03 2.660956514122528915e+03 2.667370079657634051e+03 2.668778901717306326e+03 2.671035144137143106e+03 2.666742404062916194e+03 2.644351990122020652e+03 2.615373452386828831e+03 2.577894203436646421e+03 2.515638258917736493e+03 2.477135303874914825e+03 2.434184739752706719e+03 2.410351844023593912e+03 2.403720503220726187e+03 2.391380820408637192e+03 2.393598938551037918e+03 2.414513060751397916e+03 2.446032258780222492e+03 2.484124228437097827e+03 2.558580240766336829e+03 2.599765339281319029e+03 2.658821202534768418e+03 2.693672942104965841e+03 2.712184534761087889e+03 2.739573581346161518e+03 2.756563162444482259e+03
2.633206665716582847e+03 2.605510330089451600e+03 2.572312757056235114e+03 2.559537537987730957e+03 2.566210368384518461e+03 2.577551901097438531e+03 2.585717814451045342e+03 2.598625197809093152e+03 2.601416523331296503e+03 2.601771566074951352e+03 2.599210575921688360e+03 2.597856517001100201e+03 2.596155358822235939e+03 2.594832152896971365e+03 2.597377814778948959e+03 2.595515163343269705e+03 2.592152992662064662e+03 2.580985907733033855e+03 2.548412951006605908e+03 2.521170721577334007e+03 2.464496514799914621e+03 2.439395002130807370e+03 2.409183447277871892e+03 2.405875772191172473e+03 2.405064251811370923e+03 2.424932989593481125e+03 2.442328377352872849e+03 2.472727473993402782e+03 2.509295335996455378e+03 2.543222580579620626e+03 2.606869483695056715e+03 2.644040076426390442e+03 2.703369196719443607e+03 2.739878151122856707e+03 2.759843337328681173e+03 2.800984519837109019e+03 2.824812373124022542e+03
2.576809136691968888e+03 2.547893666052423669e+03 2.515901588366481064e+03 2.516420998062365015e+03 2.525511351246123468e+03 2.555811734374874504e+03 2.575337735133812657e+03 2.588505907148119149e+03 2.581302328735685933e+03 2.569822353164917331e+03 2.546497714594071113e+03 2.532879619143448053e+03 2.513304248456321602e+03 2.513219900164911451e+03 2.515401717362639374e+03 2.518003394434887468e+03 2.520427118374155725e+03 2.514105192119854109e+03 2.496190928650773913e+03 2.472213384484849939e+03 2.433841683395187829e+03 2.414679741640051361e+03 2.405080310253156767e+03 2.417614652716439650e+03 2.435754903938982352e+03 2.478114358553956663e+03 2.508816502421615041e+03 2.551443235171399920e+03 2.593335844708023160e+03 2.625129964054656739e+03 2.680959449225085336e+03 2.713706239362356882e+03 2.762243946041795880e+03 2.796094659656656859e+03 2.823227893437821876e+03 2.861451336833876667e+03 2.886216718700869023e+03
2.537948776302653187e+03 2.510850040727061241e+03 2.482356420830576553e+03 2.484812645840061577e+03 2.494821491717782465e+03 2.526882642209257483e+03 2.539548846373135348e+03 2.549372989767270155e+03 2.535620791516892041e+03 2.518255545232178974e+03 2.477294318539761207e+03 2.454209360787115656e+03 2.436530286703893125e+03 2.435454018948884823e+03 2.440829590688754251e+03 2.459257471958874703e+03 2.471587420517415012e+03 2.478645448108320124e+03 2.474487013600704358e+03 2.463270704203879177e+03 2.440381661395176707e+03 2.433091502772076183e+03 2.438210134068729985e+03 2.457725374786984503e+03 2.484775820148882303e+03 2.538408219836880107e+03 2.572376606400678156e+03 2.626396215477551323e+03 2.667517526313267808e+03 2.699048179307778810e+03 2.750258694977213963e+03 2.780760448480412833e+03 2.823454512974178670e+03 2.854988099331024841e+03 2.872181549037575223e+03 2.899265117868924790e+03 2.918179017404993374e+03
2.502453022453389622e+03 2.483743452584883471e+03 2.462526327861361551e+03 2.459136525980693023e+03 2.463526930718081530e+03 2.483807959795283296e+03 2.497270203165446674e+03 2.494937639472611863e+03 2.472306464154340574e+03 2.444005436765118702e+03 2.390615689349549029e+03 2.362791722146850134e+03 2.333995896856816671e+03 2.341580920878891902e+03 2.357401392710442451e+03 2.395552122396605682e+03 2.421345617186990239e+03 2.450427833186022326e+03 2.459014334489078010e+03 2.465800880457734820e+03 2.465182049069583172e+03 2.473240253236353965e+03 2.492961390809801287e+03 2.525507637317057743e+03 2.558673962853672037e+03 2.618515178608201950e+03 2.654429060795368969e+03 2.707156238422358456e+03 2.753498505173295598e+03 2.782071919449282177e+03 2.836296021034600926e+03 2.864631625343570249e+03 2.901749756966384666e+03 2.919642939632477919e+03 2.927219431092611103e+03 2.936518268206900757e+03 2.937365358142185414e+03
2.482490478739397076e+03 2.467587540422645816e+03 2.446055315753711511e+03 2.443594931777736292e+03 2.445121703118584719e+03 2.454563326766586670e+03 2.458188834505249815e+03 2.447948770896072347e+03 2.418093841500001417e+03 2.384946697742967444e+03 2.322013635547832109e+03 2.287794103669201832e+03 2.261198434650800209e+03 2.275202847476875377e+03 2.297432270233156032e+03 2.349394015529157059e+03 2.385677174240084696e+03 2.435286549045748416e+03 2.459838496387337727e+03 2.473299556400111214e+03 2.494570966329034491e+03 2.509854656298287409e+03 2.547928303035158933e+03 2.585427378458950443e+03 2.616977720056055205e+03 2.677079958896074004e+03 2.714455793942260243e+03 2.774128181524418324e+03 2.817422041650517713e+03 2.848910698074170341e+03 2.903283691901780003e+03 2.930600126640828876e+03 2.961897357724130870e+03 2.972170652324982711e+03 2.970385829853667929e+03 2.957112462578241320e+03 2.949015018511857306e+03
2.462473603614234889e+03 2.452332327964245906e+03 2.436616166661861826e+03 2.423916055211153889e+03 2.415639158393699290e+03 2.407028339458377104e+03 2.398695850669772881e+03 2.373777970060286407e+03 2.336069263808496544e+03 2.296073393835173647e+03 2.221365220543312716e+03 2.187016051276903454e+03 2.164357125075835938e+03 2.183873145657510122e+03 2.220357763695173162e+03 2.293316690056577499e+03 2.345207743458551704e+03 2.415675215100746755e+03 2.460612097382793308e+03 2.490488667165691368e+03 2.543164034175817960e+03 2.575258139919345012e+03 2.630092432988849851e+03 2.677535203713036026e+03 2.711750816405136902e+03 2.774628833358622614e+03 2.810354633480183566e+03 2.871542428360644863e+03 2.914779296863451691e+03 2.949391029804469326e+03 2.999494671166890384e+03 3.027620964905916480e+03 3.045976561847502126e+03 3.042620869066993691e+03 3.025153543552430619e+03 2.980925852012383984e+03 2.956663700565763520e+03
2.458444470220311359e+03 2.453830350193037702e+03 2.434144560938716495e+03 2.419148558095276258e+03 2.405858721927324041e+03 2.382641213402206176e+03 2.367179187878257380e+03 2.337437726893668241e+03 2.292566246224850602e+03 2.255889265916188378e+03 2.187981824155193863e+03 2.151241815148439855e+03 2.136601121806284027e+03 2.160582082004265885e+03 2.193822020878748845e+03 2.278064701194012741e+03 2.329725158588275463e+03 2.411437868712285308e+03 2.465292615982470124e+03 2.502662071480442592e+03 2.574529607298408337e+03 2.612443951918159200e+03 2.675636776470016684e+03 2.729587949856552768e+03 2.767193372368491055e+03 2.829954797101077475e+03 2.868793555656804983e+03 2.921909178413069640e+03 2.969227759014413095e+03 3.000596163492372852e+03 3.052966905861079340e+03 3.073832401167925127e+03 3.090796906137700262e+03 3.074670257139772275e+03 3.048307150808402184e+03 2.984326573767588343e+03 2.951637016105674320e+03
2.466759378572443893e+03 2.458156911171986394e+03 2.441618606788673333e+03 2.420315577009655954e+03 2.400997561963656153e+03 2.371509868422666386e+03 2.356433175804014809e+03 2.318705511889161244e+03 2.283246482665629628e+03 2.249312385698921844e+03 2.192273070135346643e+03 2.166958514952855694e+03 2.153943029783258680e+03 2.178406573444190599e+03 2.212357181735002541e+03 2.287430098764278227e+03 2.336030214136021186e+03 2.413787300419593521e+03 2.468918657987370807e+03 2.509126967727191186e+03 2.588647048808965337e+03 2.632600443669016386e+03 2.697506074871821056e+03 2.751905100256246897e+03 2.790555496790555935e+03 2.854241133491950677e+03 2.889343282139901476e+03 2.943773839080450671e+03 2.987988318413012621e+03 3.020475095958126985e+03 3.070297922684914283e+03 3.093513906032375417e+03 3.101459467137225602e+03 3.080488498757384605e+03 3.045236237016483756e+03 2.978046887402383163e+03 2.934571436743579852e+03
2.501183539676243527e+03 2.492882502610800657e+03 2.463687095875676732e+03 2.435761330209145399e+03 2.410494148800091352e+03 2.365967420126464276e+03 2.346230787366365348e+03 2.309764204905715815e+03 2.286197769603264533e+03 2.269643130317469058e+03 2.251540171329134864e+03 2.242920113195865270e+03 2.242656352711840100e+03 2.262416236743609261e+03 2.283624990647708728e+03 2.329509545807307404e+03 2.362786612657235764e+03 2.423989227880361341e+03 2.476950800460227128e+03 2.522410929875639795e+03 2.605429472094569974e+03 2.653324978164100230e+03 2.723670304295847473e+03 2.774931287943938969e+03 2.814848818953548744e+03 2.873767548456391069e+03 2.902093661502857685e+03 2.951925429598884875e+03 2.992046867997484242e+03 3.022989533752733678e+03 3.069497990475786537e+03 3.088111601851780051e+03 3.091415054726917333e+03 3.063577798385238566e+03 3.023813706940215070e+03 2.944092358419197353e+03 2.891950009320316440e+03
2.532793163920127881e+03 2.513140171487921180e+03 2.480278653487401243e+03 2.445350203667575897e+03 2.415507810613188212e+03 2.368610925350643811e+03 2.342639850469282919e+03 2.312158635686861999e+03 2.302572580900114644e+03 2.295308536024200748e+03 2.301767958169971735e+03 2.305207460528181855e+03 2.319726858726465707e+03 2.334287403440099752e+03 2.346257826744213617e+03 2.373199363565333442e+03 2.390852461698848401e+03 2.436557886289434464e+03 2.488140896200251973e+03 2.533527083002777545e+03 2.610302234642945223e+03 2.662373824032819357e+03 2.731435600095376230e+03 2.782543289576196003e+03 2.818705082481878890e+03 2.875313086598620430e+03 2.904764069837130137e+03 2.952229603117697934e+03 2.988027095799836843e+03 3.020008700933197360e+03 3.063813129794716133e+03 3.078035868642152309e+03 3.079067866213901652e+03 3.045824183750808061e+03 3.001566100001126415e+03 2.913523682882582762e+03 2.858162974506578848e+03
2.582031431376818546e+03 2.560623443279239837e+03 2.514770620066377433e+03 2.473100605941417598e+03 2.436474228884320837e+03 2.373825110629213214e+03 2.343766631564034924e+03 2.318810089876178154e+03 2.319421752929909871e+03 2.338818148775878399e+03 2.378288000852025107e+03 2.404280346558492965e+03 2.436917081654146841e+03 2.444170501919286380e+03 2.446945050070533398e+03 2.444226132088532722e+03 2.446867930168885778e+03 2.471682140982957662e+03 2.511732250625998859e+03 2.550565776149423982e+03 2.629575133890551569e+03 2.673489436587281944e+03 2.740609238178781197e+03 2.787079636836299414e+03 2.821017262664821828e+03 2.874708464695761904e+03 2.904100959711239284e+03 2.947905259817001479e+03 2.977315278681120617e+03 3.004198069549208867e+03 3.041269561229060855e+03 3.055492358129425611e+03 3.049013546881496040e+03 3.007593875533461414e+03 2.960545593605204431e+03 2.866322021465496164e+03 2.804272768751880449e+03
2.621495764975777092e+03 2.592324696487084111e+03 2.542396649154798524e+03 2.491052511422681164e+03 2.448634075338533421e+03 2.377696114090141236e+03 2.344124675644169201e+03 2.314043026255900259e+03 2.327555567960171629e+03 2.357253561545594948e+03 2.417442968299332279e+03 2.455280138896742301e+03 2.500742026266721950e+03 2.508744822429704072e+03 2.509842843763457495e+03 2.497402303913387641e+03 2.492328355051097788e+03 2.508890478258892927e+03 2.539086484111851405e+03 2.573817016031895491e+03 2.645976764270477361e+03 2.684677330871441882e+03 2.750374008363615758e+03 2.792911560505121543e+03 2.827365006615239508e+03 2.881837965490032275e+03 2.912403454306430376e+03 2.954776694358162331e+03 2.986617019657397123e+03 3.005818668212580633e+03 3.037741013713672601e+03 3.042859017664500243e+03 3.028078896505106059e+03 2.984343477381243702e+03 2.932275703862927458e+03 2.832004172693217242e+03 2.772147001233626270e+03
2.646067567150259947e+03 2.616780777961903368e+03 2.560171043914174788e+03 2.501195811865322412e+03 2.454773618984052064e+03 2.379030074475866058e+03 2.339615451298662720e+03 2.310626348820129806e+03 2.323566677547060863e+03 2.356978250877950359e+03 2.429420262302834544e+03 2.471323074899950370e+03 2.526722643492810221e+03 2.536887526659921150e+03 2.537854613439152672e+03 2.532880838600427978e+03 2.535233325646304820e+03 2.547684007563084378e+03 2.575798412792730687e+03 2.606793343429890683e+03 2.656811201848163364e+03 2.693866959429710732e+03 2.751893147603092530e+03 2.796369805121690206e+03 2.834854577686210177e+03 2.897707228865887828e+03 2.930036979821381465e+03 2.975998873748862025e+03 3.003822135917961987e+03 3.022912168841226958e+03 3.039465442406349666e+03 3.044589747167119185e+03 3.022849796413280728e+03 2.975864755659559250e+03 2.918371280345927516e+03 2.816069985097853987e+03 2.755462527267801306e+03
2.695439029410051262e+03 2.657114993280366889e+03 2.595439867439785758e+03 2.532226778390489926e+03 2.474329607055950419e+03 2.380872179992109068e+03 2.336968683280907044e+03 2.296274054872450506e+03 2.313499643856468992e+03 2.351097238571076105e+03 2.429595677575387526e+03 2.479216851139115079e+03 2.545520882882989099e+03 2.571909189499803233e+03 2.586367539369001861e+03 2.608086663205404875e+03 2.617931910930970389e+03 2.640704453380496034e+03 2.658803130423586026e+03 2.667007128746359285e+03 2.689754433059222720e+03 2.707979800794150833e+03 2.745901184575980096e+03 2.791155556034708297e+03 2.839870975909396748e+03 2.925035456200532735e+03 2.969525556074789165e+03 3.024735266116284492e+03 3.045805853218919765e+03 3.055885825568474047e+03 3.056070503456550341e+03 3.042429712762930649e+03 3.010689287788532056e+03 2.954522630315283550e+03 2.898984846010599085e+03 2.795610089295961643e+03 2.728377050337972378e+03
2.733277708449360944e+03 2.693101842453938389e+03 2.622234667018396976e+03 2.554853486603354213e+03 2.491557730637326586e+03 2.386687894485548441e+03 2.333451657156484544e+03 2.290156797566896330e+03 2.302988714093203725e+03 2.339921099083696390e+03 2.419232415186267644e+03 2.472139619772422066e+03 2.543600041085324392e+03 2.587903043399604940e+03 2.618706401874537733e+03 2.664199324263533072e+03 2.686279978993620261e+03 2.721508908795583011e+03 2.726328055529293579e+03 2.727364035035785037e+03 2.715741401574553038e+03 2.714066724702899137e+03 2.734618173197685792e+03 2.787919350776546707e+03 2.842762333450298684e+03 2.948848857773713917e+03 3.006869465442769979e+03 3.066734911223345989e+03 3.081189778470627971e+03 3.082956790300153898e+03 3.065817597663587094e+03 3.044401083788879077e+03 3.000308673541001554e+03 2.940333646646045054e+03 2.886340932420011541e+03 2.780909330969647726e+03 2.714076566154322336e+03
2.752214499464459550e+03 2.713046882776469829e+03 2.640990445966212064e+03 2.565903439648473523e+03 2.500362056614620087e+03 2.388452834392114255e+03 2.332993899695816708e+03 2.282098226937141590e+03 2.292379975332458798e+03 2.327114906181914193e+03 2.408034561048007163e+03 2.459439079646747814e+03 2.535989482315629630e+03 2.589746518064105658e+03 2.632992370946587016e+03 2.696419069582934753e+03 2.734655571804589272e+03 2.773624302412645193e+03 2.775496957652079800e+03 2.759465662653494292e+03 2.731211476266890259e+03 2.720805727432749336e+03 2.734586559715710791e+03 2.786479679580718312e+03 2.849210063466739484e+03 2.964872052956465268e+03 3.029647149172098580e+03 3.096808918112902575e+03 3.111201559449724300e+03 3.104441914537560478e+03 3.077642912943183092e+03 3.046130606806106698e+03 2.990335056061192972e+03 2.929669981302679389e+03 2.870961331930726828e+03 2.768749348317241584e+03 2.704843960985071135e+03
