new_elev.asc
NCOLS 97 
NROWS 88 
xllcorner 902500.0 
yllcorner 148500.0 
cellsize 1000.0 
NODATA_value -9999
[rows 34 to 50 of 88, columns 0 to 36 of 97]
3.056732462273140754e+03 3.035591266581018317e+03 2.981051321127886695e+03 2.957333339252490987e+03 2.943545447815836724e+03 2.964414286143109621e+03 2.993061925709289426e+03 3.061958706563272699e+03 3.104566022008757045e+03 3.173862058898800569e+03 3.229556303066727196e+03 3.281431332902086979e+03 3.362717449732568639e+03 3.399662213203901956e+03 3.422567180489139446e+03 3.384284741302703424e+03 3.329947504023085457e+03 3.214872207805735798e+03 3.151671574410951962e+03 3.081378941580157061e+03 3.074999324762096876e+03 3.086780436854125128e+03 3.127880808635996345e+03 3.149333144248495955e+03 3.179955887229460586e+03 3.189466945666302308e+03 3.195962983887120117e+03 3.203981849024393341e+03 3.203320297658369782e+03 3.183113968593980189e+03 3.144102202851575839e+03 3.107832681360833703e+03 3.029182016098603981e+03 2.983307109284241960e+03 2.909881271050538999e+03 2.862279194245372310e+03 2.825162746645751668e+03
3.010743535376614545e+03 2.990748635763150560e+03 2.946271169165676383e+03 2.922151051080066281e+03 2.912592248402749647e+03 2.938241730961580743e+03 2.968802894952922998e+03 3.029702873013367480e+03 3.073648756525010867e+03 3.138769621211190042e+03 3.195199592743363155e+03 3.244904416497922739e+03 3.327601303319096587e+03 3.365597016188034104e+03 3.386083333460120684e+03 3.355947517543537288e+03 3.300207361053714976e+03 3.192032261194022794e+03 3.133837764183204399e+03 3.071369709591114770e+03 3.069322505149091285e+03 3.086786324535542917e+03 3.130045811651553777e+03 3.161727193121391792e+03 3.189604346135145988e+03 3.193073993126386085e+03 3.199913418371824264e+03 3.191582252722718749e+03 3.183255432728620690e+03 3.157815857464301644e+03 3.112294755976834949e+03 3.071166368798925305e+03 2.992598806829692876e+03 2.948466964895460478e+03 2.872294610335548896e+03 2.828731773466348841e+03 2.796204193837623734e+03
2.963435678622188789e+03 2.944391223924415499e+03 2.905269414089965267e+03 2.889541078161661972e+03 2.881895146339846633e+03 2.906909649959886337e+03 2.938528933948534359e+03 3.001125138806393807e+03 3.041786601312190669e+03 3.103018243170842652e+03 3.154348195589598618e+03 3.200792965435761744e+03 3.274410107183486616e+03 3.307681204353109933e+03 3.327848048877954625e+03 3.295762832999479087e+03 3.246500049959660373e+03 3.147917580682051721e+03 3.093874303904126009e+03 3.042284693182837145e+03 3.049090696481057876e+03 3.069149175030764127e+03 3.122005261761222755e+03 3.154410114635859827e+03 3.189588549243911530e+03 3.189267702075689613e+03 3.190333833937423151e+03 3.174554012166356642e+03 3.157826545872986117e+03 3.119146548276858994e+03 3.073497335555364771e+03 3.026193318281336815e+03 2.948889031272699867e+03 2.896341797717175268e+03 2.825931941714261939e+03 2.784239153963198078e+03 2.758134032318222125e+03
2.871521045756487638e+03 2.856373116141498940e+03 2.835891171593953914e+03 2.820902825967272747e+03 2.825931899405233708e+03 2.848952522842595954e+03 2.880399399851953604e+03 2.934529687825795008e+03 2.972479956539959403e+03 3.027506195619444043e+03 3.067923794564629588e+03 3.105240366416375309e+03 3.154852946435753893e+03 3.177550137192553393e+03 3.192320442416315018e+03 3.167221278351741148e+03 3.128035197553254875e+03 3.048755165220766230e+03 3.005444779346358246e+03 2.970706799535544633e+03 2.992532477183774517e+03 3.026276958152698626e+03 3.103998244017402158e+03 3.142709417943587596e+03 3.179709702138362900e+03 3.177286714301386837e+03 3.166409781232460773e+03 3.128978042153977185e+03 3.099207726175534845e+03 3.044863649623036054e+03 2.988845695523498762e+03 2.938186749181968935e+03 2.847629816776213829e+03 2.795859749798594748e+03 2.728117911825877854e+03 2.695185327252651405e+03 2.679539382812595250e+03
2.813843041695058218e+03 2.805063127931905001e+03 2.789872647189311465e+03 2.780943782478253979e+03 2.784913976876556262e+03 2.813204892837959505e+03 2.841110188758969343e+03 2.894087178671872607e+03 2.928510040476096947e+03 2.979852122026977668e+03 3.013468443000101615e+03 3.039047218861369402e+03 3.080556922276642126e+03 3.096754363955646113e+03 3.108785940225281593e+03 3.087516738637829349e+03 3.051060516728239691e+03 2.988152823067217923e+03 2.952775371365664341e+03 2.933175524191895420e+03 2.960241636823891895e+03 3.002867385149825168e+03 3.092935813941702236e+03 3.141468391621695446e+03 3.179125865424340191e+03 3.173949535190382903e+03 3.158228201634191919e+03 3.104357902088215269e+03 3.068889473941151664e+03 3.000692774848596400e+03 2.943394455866704448e+03 2.888718637991481955e+03 2.793654083530290791e+03 2.738374515820674787e+03 2.667992050043222207e+03 2.640904824901872871e+03 2.630027167056486178e+03
2.729030541041980996e+03 2.726759636708242851e+03 2.716625740046600185e+03 2.714715611250129314e+03 2.727965871202022754e+03 2.751921239252022133e+03 2.773511955830555507e+03 2.824529892206513068e+03 2.856581972981402942e+03 2.896244108834220697e+03 2.924265489896667987e+03 2.945318508142902374e+03 2.971524014348035053e+03 2.982139246305874167e+03 2.993708900248126611e+03 2.978168050740816398e+03 2.953284433814223121e+03 2.911677170121260588e+03 2.890480524647681705e+03 2.892897201595761999e+03 2.936401441608413279e+03 2.987743614602498383e+03 3.096603712564824491e+03 3.150315249720054453e+03 3.200933468670853472e+03 3.188701117881696518e+03 3.158652478027230245e+03 3.089684710553516197e+03 3.038813877236289954e+03 2.954174406830996304e+03 2.888331713880343159e+03 2.826395535404240945e+03 2.724600844709505509e+03 2.670920083650025390e+03 2.598452567816704232e+03 2.570820805588307849e+03 2.568403823941535393e+03
2.681419691557265651e+03 2.676428790705346728e+03 2.668759336590275325e+03 2.667186380543773794e+03 2.674317945991479064e+03 2.695363908096217074e+03 2.721764889449520524e+03 2.760802697992480262e+03 2.786473442001944022e+03 2.827781182208047539e+03 2.849256620198887049e+03 2.871164075868521650e+03 2.895777857807005148e+03 2.910001174672122033e+03 2.925436544245202185e+03 2.918740156769338228e+03 2.904879310831109251e+03 2.880316951623115074e+03 2.874615300995305006e+03 2.887665340380796351e+03 2.941229837364694049e+03 3.007776027007975699e+03 3.126443291783332370e+03 3.187995050656827971e+03 3.241286426568249226e+03 3.225429646758850595e+03 3.189409235581290886e+03 3.103298149327945794e+03 3.043141787442693840e+03 2.947275910951454989e+03 2.875294958797210711e+03 2.809865605763559415e+03 2.708604420099530671e+03 2.648528026917135776e+03 2.575955131490831263e+03 2.542078001611378113e+03 2.533487052379860870e+03
2.643730147990216665e+03 2.643618968657900041e+03 2.634338873160268577e+03 2.629975793412187159e+03 2.636106964797647834e+03 2.656232472957716709e+03 2.672802209718500308e+03 2.710795017169137736e+03 2.732407807615274578e+03 2.764703447483203945e+03 2.792596442725240649e+03 2.811551613741494293e+03 2.841269476808512536e+03 2.857598823247204564e+03 2.877585568657849308e+03 2.879631984665771142e+03 2.874257717315614627e+03 2.866739422055394698e+03 2.866222087535976243e+03 2.897883306436270232e+03 2.959526278791183813e+03 3.034683084047544980e+03 3.161088248867714356e+03 3.230551205954861871e+03 3.282173545385744092e+03 3.266494146033501693e+03 3.224913550079003926e+03 3.124308140701488355e+03 3.058044224781691810e+03 2.954016727143133267e+03 2.876373116045668667e+03 2.813958014654099316e+03 2.704956601428752947e+03 2.647362749099388111e+03 2.568987067667202155e+03 2.528994570836862749e+03 2.512853722576631753e+03
2.602293850565064531e+03 2.596363601759584526e+03 2.588602668752397221e+03 2.584353729090379602e+03 2.583128320678831187e+03 2.594184158707048937e+03 2.607402327129508194e+03 2.640004048388252613e+03 2.655830707319153589e+03 2.687267106197361954e+03 2.710976858164551686e+03 2.733764671272174382e+03 2.766497424479599886e+03 2.790400575734931863e+03 2.820448679393653492e+03 2.839186492388599163e+03 2.845513909571546719e+03 2.853885937583533632e+03 2.867131990682750711e+03 2.915088134910449753e+03 2.994751580047841799e+03 3.076006911942663010e+03 3.216004570445848458e+03 3.292108917362168995e+03 3.350939145860300869e+03 3.323957304758204828e+03 3.277160315494774750e+03 3.159278480539884185e+03 3.085198577483358804e+03 2.966713430602426342e+03 2.887648443823462458e+03 2.822994312452538452e+03 2.713484814601945345e+03 2.651514532799955759e+03 2.566539517762030300e+03 2.514407253978438348e+03 2.488122160492654984e+03
2.557112959427136502e+03 2.557807418099667302e+03 2.544640149200045471e+03 2.536680598622871912e+03 2.535343818305464993e+03 2.542566533631682432e+03 2.550001185586022075e+03 2.570608339018407150e+03 2.587162887452093400e+03 2.615936296311309889e+03 2.641665944418456093e+03 2.662854365041022902e+03 2.703022962630894654e+03 2.733614165398542809e+03 2.772463255275873507e+03 2.800572422104151428e+03 2.819339355191131290e+03 2.847467305984530412e+03 2.875535871740718449e+03 2.936202310136338838e+03 3.027233938478553227e+03 3.117219924961614197e+03 3.268146670423974228e+03 3.343692920696496003e+03 3.405821439122309584e+03 3.378323536213746593e+03 3.326368399805763602e+03 3.198563752534342257e+03 3.112088866741359652e+03 2.983155454923268735e+03 2.900763397263570823e+03 2.829022677054376345e+03 2.722833420544841829e+03 2.656867843836443626e+03 2.568599449281418856e+03 2.506064249379255671e+03 2.463866350087245792e+03
2.498157244057304979e+03 2.501108120914821029e+03 2.492302677025851608e+03 2.489576264379500572e+03 2.487856855965971590e+03 2.493453158964552131e+03 2.501748266892631818e+03 2.514580229199340010e+03 2.523113236772242544e+03 2.548866495858293547e+03 2.578158021400487996e+03 2.604970214091581511e+03 2.650605007454435054e+03 2.680209042339857206e+03 2.731736143953780811e+03 2.769786168693243326e+03 2.798639799021960698e+03 2.848329744281280000e+03 2.881418455763498969e+03 2.959021634910417561e+03 3.057069384209071814e+03 3.147646312430917078e+03 3.306262111886529965e+03 3.385762665808344536e+03 3.446114708604070984e+03 3.413144625937540695e+03 3.358355387321538728e+03 3.221355326798999158e+03 3.129565892956557491e+03 2.996553551357912511e+03 2.903812601677018847e+03 2.835404766843075322e+03 2.721296528103376659e+03 2.655905331768223732e+03 2.558277581303009356e+03 2.485890298762293241e+03 2.434349205495265778e+03
2.443769802674212769e+03 2.447191509108391529e+03 2.455538013341972601e+03 2.453155642663990420e+03 2.463832343592141569e+03 2.472006687742023587e+03 2.478784465271844510e+03 2.493745383124938144e+03 2.502723971942363278e+03 2.526626431439061889e+03 2.558033830117214166e+03 2.585028207767582444e+03 2.630359984480981893e+03 2.667415262316152166e+03 2.719051716595638482e+03 2.764740449466572500e+03 2.797682340368362475e+03 2.853072228577469559e+03 2.892512593438237218e+03 2.972410146563262060e+03 3.063349195817034342e+03 3.155929963354458778e+03 3.306127493606054486e+03 3.379818595882965838e+03 3.434267400328564236e+03 3.404542210085690840e+03 3.347913792476700564e+03 3.209367928043871416e+03 3.122829817926933629e+03 2.988834974435552795e+03 2.896340366798110608e+03 2.827421470321908146e+03 2.709111223005031206e+03 2.640360316672453791e+03 2.535235352291500931e+03 2.463167934960812545e+03 2.407030969980135069e+03
2.373033478098455362e+03 2.392083326638120980e+03 2.412888097282302624e+03 2.428611377284704304e+03 2.447704794032284553e+03 2.462001246205540156e+03 2.468029995574290751e+03 2.483609613050064581e+03 2.498441870916974494e+03 2.523389739261381692e+03 2.557716154807642852e+03 2.585417616899216682e+03 2.638593216550388206e+03 2.670498168327789699e+03 2.729758579502558405e+03 2.773725883566738503e+03 2.810384967372381197e+03 2.868260086467033034e+03 2.907465395631917545e+03 2.984560337932877701e+03 3.071685051613879750e+03 3.148761826074183773e+03 3.284282591724822396e+03 3.348008358286716884e+03 3.396786536403556056e+03 3.365333979814633949e+03 3.312286935020162673e+03 3.187863423935488754e+03 3.105402799461704944e+03 2.978294346069953917e+03 2.887017295420127084e+03 2.810891241937363702e+03 2.686325140917527278e+03 2.614944649760674565e+03 2.507556314146218028e+03 2.430436808307158572e+03 2.373185750237131742e+03
2.321092006393672364e+03 2.351574002621344789e+03 2.387942637104191817e+03 2.408806549789607743e+03 2.438247006955773941e+03 2.459678620081283952e+03 2.470533842387404093e+03 2.486727562588949240e+03 2.497516546926046431e+03 2.529771584982500372e+03 2.562391855100107932e+03 2.589426561041133027e+03 2.644381640409274951e+03 2.681231113118602025e+03 2.740982552080715777e+03 2.787755353555630336e+03 2.822331328727965229e+03 2.881446247310319450e+03 2.924228670828310896e+03 2.996879701487240254e+03 3.071336354735409259e+03 3.142724032282179451e+03 3.261769023580234261e+03 3.315580311568195611e+03 3.356599811722691356e+03 3.327875396012623696e+03 3.281395067706128884e+03 3.167694857027914168e+03 3.087056033196304270e+03 2.968607446015118512e+03 2.876390167738840773e+03 2.797012229382866281e+03 2.668572158408112045e+03 2.591413513834827427e+03 2.482318600881295424e+03 2.405381252525854052e+03 2.352918704221020107e+03
2.266075243773022976e+03 2.301902874801572125e+03 2.359115211733094839e+03 2.386562855097030933e+03 2.434390470482829187e+03 2.460893447524005296e+03 2.473520753282610713e+03 2.496359287247370958e+03 2.510714493792861958e+03 2.540844082259529841e+03 2.577390049031915169e+03 2.606019436924250840e+03 2.657992533722280314e+03 2.692864474139492813e+03 2.751596757931156390e+03 2.797889026534678123e+03 2.832612624386894822e+03 2.894660862456116774e+03 2.933194878616312508e+03 3.002624470541411029e+03 3.073615145149634827e+03 3.131734588113146401e+03 3.231710444499729874e+03 3.278394709267280632e+03 3.307762680301464115e+03 3.282286511958415758e+03 3.239905620195121628e+03 3.140146407536586139e+03 3.069079696507580138e+03 2.954100553283474710e+03 2.863003919606140244e+03 2.785678825212066386e+03 2.651768891141196036e+03 2.569805102202342368e+03 2.461479635414301356e+03 2.380390936743520797e+03 2.325986879424279323e+03
2.213052351396843278e+03 2.260778818393906022e+03 2.336955663268079206e+03 2.374666230511874801e+03 2.431551436137186556e+03 2.464215952353984449e+03 2.486500658723423385e+03 2.511943235300018387e+03 2.526205717792199266e+03 2.556005661309929565e+03 2.589157382839118327e+03 2.614153620579328162e+03 2.660214100128252539e+03 2.690981970014687704e+03 2.742535477899346915e+03 2.789882464354249805e+03 2.829885236036347578e+03 2.893742222669390230e+03 2.937310814671479875e+03 3.002754168994391421e+03 3.068719578850086236e+03 3.122073865315795047e+03 3.209685686768411415e+03 3.249025552196845638e+03 3.275633502298115673e+03 3.251336787811176237e+03 3.207630714184815588e+03 3.117602705175759183e+03 3.053802607112511851e+03 2.948251089623482585e+03 2.852650459933578531e+03 2.776981128744407215e+03 2.638252903118137965e+03 2.560541044231126762e+03 2.452261692837488681e+03 2.373215348831225128e+03 2.317387715245972231e+03
2.196894781110028362e+03 2.245565261630104942e+03 2.329137630375762001e+03 2.378529061384764191e+03 2.442965939074711969e+03 2.476096779829326806e+03 2.498121386427514608e+03 2.524894659120602228e+03 2.541849332336227235e+03 2.570426573193215972e+03 2.594589395077866357e+03 2.608715159590779422e+03 2.638693592270317822e+03 2.658192310667661332e+03 2.698804832766179516e+03 2.747024114394716435e+03 2.788875456532714452e+03 2.870360831036653053e+03 2.915993238597185155e+03 2.993943774625342485e+03 3.061203861369725018e+03 3.117255843243204708e+03 3.209101902298632922e+03 3.251165103447777255e+03 3.279959483098406963e+03 3.254148136481207530e+03 3.212662925180281491e+03 3.120353620669915017e+03 3.053070081713045056e+03 2.948130195808608278e+03 2.855295148720711495e+03 2.780731674677114825e+03 2.647932281399247586e+03 2.571368682107787208e+03 2.466016577824089836e+03 2.390588972636970084e+03 2.336283067386365019e+03
