new_elev.asc
NCOLS 97 
NROWS 88 
xllcorner 902500.0 
yllcorner 148500.0 
cellsize 1000.0 
NODATA_value -9999
[rows 68 to 84 of 88, columns 37 to 73 of 97]
2.696468409127703126e+03 2.665180787992835121e+03 2.640916997056996479e+03 2.625061435916829851e+03 2.603989621380017070e+03 2.599778837539761753e+03 2.588701314088183153e+03 2.592340382846277407e+03 2.595810413945428536e+03 2.604628599004569878e+03 2.623950066154510750e+03 2.637104721441149650e+03 2.669934559422432358e+03 2.688556380644238288e+03 2.729244512805910290e+03 2.755925389396687933e+03 2.796643279662314853e+03 2.834285455579275549e+03 2.866793909106075716e+03 2.917103904815953229e+03 2.934721580473579706e+03 2.996922656309021022e+03 2.996054915840107242e+03 3.066460488366794380e+03 3.047131249277787447e+03 3.119911993750287365e+03 3.085138206463849656e+03 3.154044971358046041e+03 3.108395052670045516e+03 3.168716996758515961e+03 3.116694228340114478e+03 3.166655062687672853e+03 3.111479921775484399e+03 3.152635238284267416e+03 3.095667833280854211e+03 3.132386427881660438e+03 3.073097938004994830e+03
2.686730062244772853e+03 2.663596357080911275e+03 2.638347386998937509e+03 2.618658403357757379e+03 2.603237389428042206e+03 2.594045597522627759e+03 2.585180180828045650e+03 2.591434716931071762e+03 2.586860960770979545e+03 2.610401561388020127e+03 2.609513357310405809e+03 2.648639459234693732e+03 2.652644533462074378e+03 2.702317723850193488e+03 2.713875918794701192e+03 2.766592944821942638e+03 2.788915719209204781e+03 2.836210510649893422e+03 2.871733569859729414e+03 2.906051955112371616e+03 2.955066447848575990e+03 2.971493141306810230e+03 3.031340533324463649e+03 3.028561750371527069e+03 3.093911200614747941e+03 3.074027136735776821e+03 3.138299877246015512e+03 3.105586513373554226e+03 3.163008925043183353e+03 3.122182542059005755e+03 3.169621734949978872e+03 3.124299958587383117e+03 3.162183479946182615e+03 3.114008527772389243e+03 3.146130928453756951e+03 3.094625412523094838e+03 3.127141676918836765e+03
2.689404539787578869e+03 2.656960322043332326e+03 2.637384069328084934e+03 2.612304667826238074e+03 2.603938793196767165e+03 2.583312456505859700e+03 2.591600512509565760e+03 2.573554134671194788e+03 2.600851731914809989e+03 2.585174701189356256e+03 2.630301328670269868e+03 2.618537463906031917e+03 2.676941238802031876e+03 2.672031856933721429e+03 2.736524190440815801e+03 2.742045003145469309e+03 2.804075988092211446e+03 2.823102958850339292e+03 2.874457983056695412e+03 2.908259254045488433e+03 2.942828425908879126e+03 2.989841433761812823e+03 3.004903467301553064e+03 3.060565807534006126e+03 3.057066139176954948e+03 3.114816383185775521e+03 3.096484731165269750e+03 3.149699505865286483e+03 3.121363426621411236e+03 3.165487935937788279e+03 3.131275705914738865e+03 3.165290519438810861e+03 3.127374229158230719e+03 3.154098296417017536e+03 3.112274590546535819e+03 3.137572290815448923e+03 3.089579806716442363e+03
2.681241133299987723e+03 2.660113147827497414e+03 2.627839009175779211e+03 2.618557219468156745e+03 2.588039775278003162e+03 2.596752922428292095e+03 2.566300919413381962e+03 2.596032249264443180e+03 2.565781929240702084e+03 2.615902307809825743e+03 2.587865445659153011e+03 2.654246970203968885e+03 2.631868242352455127e+03 2.707581932534990756e+03 2.694971188625917875e+03 2.771429793763929410e+03 2.772340674949757158e+03 2.840816949580773780e+03 2.857452789701631445e+03 2.910782296517332270e+03 2.942702816473488383e+03 2.976751337266189694e+03 3.020369720699297886e+03 3.034726332987702790e+03 3.083852266519074874e+03 3.081394812405301309e+03 3.128877465265779847e+03 3.114315389327214689e+03 3.154268948948831166e+03 3.132230933080284103e+03 3.161971148777987310e+03 3.135374552562681856e+03 3.156317684630103940e+03 3.125544800033389038e+03 3.142833928074300729e+03 3.105820214450597177e+03 3.126993217479827763e+03
2.686650443065910167e+03 2.650248696220194233e+03 2.637918372059013109e+03 2.600349703512911219e+03 2.607158004255463766e+03 2.566582162307483941e+03 2.596491075235710923e+03 2.553136547764157513e+03 2.606273257977547928e+03 2.562544004805084114e+03 2.635288983938403817e+03 2.595239375259230656e+03 2.680926061685435798e+03 2.649383530179466106e+03 2.739403570770452916e+03 2.720931231069533169e+03 2.806135420866138247e+03 2.803910907492498154e+03 2.876205893996131636e+03 2.890942458264937613e+03 2.944821726641290297e+03 2.974064241396431498e+03 3.007614453172417143e+03 3.045872507490466887e+03 3.060802578250514216e+03 3.100790999219329478e+03 3.101351355833209709e+03 3.136104065712859210e+03 3.127248036573963418e+03 3.152363351729945407e+03 3.137846487730656008e+03 3.152981622790771780e+03 3.134082303987480827e+03 3.143159100762903108e+03 3.118369639418051065e+03 3.128544975035826155e+03 3.094158850097732739e+03
2.679369494179970843e+03 2.661883547112087399e+03 2.620704617893003615e+03 2.622906556832929255e+03 2.575497198274479615e+03 2.602582863479959542e+03 2.548872720840607144e+03 2.602055518301614939e+03 2.544549376577967905e+03 2.620973224309780562e+03 2.564240395967719905e+03 2.657641814801195324e+03 2.607309917747906638e+03 2.709133472400138089e+03 2.670720799932168575e+03 2.771479275071059874e+03 2.749241801482231494e+03 2.840027371590054372e+03 2.835895458910400976e+03 2.909902735969133118e+03 2.922679077222961496e+03 2.976412017957551598e+03 3.001591302976465158e+03 3.035305141823761915e+03 3.065884945362957296e+03 3.082963607712089924e+03 3.111278216084424912e+03 3.116656788353890533e+03 3.136726395108005818e+03 3.134900593061750897e+03 3.144422433242968054e+03 3.137768804267215728e+03 3.138976786776372592e+03 3.126940601286043602e+03 3.126076041396961955e+03 3.105393011784089140e+03 3.111109723005030901e+03
2.690165346980188588e+03 2.648925440028106550e+03 2.643927556720585017e+03 2.593553579457728119e+03 2.614481368063088667e+03 2.554185583674064219e+03 2.603697639476125005e+03 2.535642241159086552e+03 2.612027363564001462e+03 2.540982030635257615e+03 2.638683147290328179e+03 2.570971003145154100e+03 2.681689171691311458e+03 2.623844814759262590e+03 2.737904247467967252e+03 2.695373564986565270e+03 2.803192151372214994e+03 2.779213779198772954e+03 2.872797769986934782e+03 2.867543927138816798e+03 2.941806553002546934e+03 2.951991726304198437e+03 3.005520967524322259e+03 3.024823286931298753e+03 3.059725386298216563e+03 3.080237609946131670e+03 3.100960688907205167e+03 3.115439827444274215e+03 3.126905578556166802e+03 3.131090422366958592e+03 3.136772900602265508e+03 3.130874195619368493e+03 3.131486400719400081e+03 3.120291360579354659e+03 3.113483305439197920e+03 3.105131670169655990e+03 3.086211753481122287e+03
2.684185948031752559e+03 2.670003978487311997e+03 2.620559802304503137e+03 2.632201439980883606e+03 2.569625270567995358e+03 2.611474149638913332e+03 2.537101469718257249e+03 2.609005014360847781e+03 2.527324088980579290e+03 2.624856198206103727e+03 2.542564190759906978e+03 2.658037970901148583e+03 2.582581128267149325e+03 2.706408552471643361e+03 2.644465535385896601e+03 2.766613295517868210e+03 2.722814810996000233e+03 2.834275357909537888e+03 2.810259463322910506e+03 2.904429751813398070e+03 2.898312076285352305e+03 2.972000038263740407e+03 2.978484508095978072e+03 3.032170109912975022e+03 3.043584788693633072e+03 3.080710032797711392e+03 3.088989823348608297e+03 3.114400434674332246e+03 3.113527563394643039e+03 3.131537218840158857e+03 3.119556998244266197e+03 3.132262536487099624e+03 3.112071698093445320e+03 3.118469231984183807e+03 3.097125277772150639e+03 3.093305200240874456e+03 3.080226813250736086e+03
2.700786185775991271e+03 2.655636721468825726e+03 2.655621391654442959e+03 2.594999875769091886e+03 2.625511802925323991e+03 2.549526118954020149e+03 2.612308589824403043e+03 2.524623636442042425e+03 2.616834639555916510e+03 2.524019482771279399e+03 2.639049606122375280e+03 2.549153803875793074e+03 2.677924026942941055e+03 2.598765940743106512e+03 2.731149769195766112e+03 2.668779646386291006e+03 2.795038666767414270e+03 2.752623846103709184e+03 2.864815603870460563e+03 2.841994117259083396e+03 2.935154558078993432e+03 2.927924098164593488e+03 3.000676527398144572e+03 3.002043412251322479e+03 3.056346206085104768e+03 3.057927372236231349e+03 3.097940147417446497e+03 3.092320776858101453e+03 3.122685321715865030e+03 3.105802294095599791e+03 3.129827794231093776e+03 3.102422880100621114e+03 3.120710057713859896e+03 3.088269915745854178e+03 3.098244583244516889e+03 3.069566302290703334e+03 3.066138605158991595e+03
2.697334287265086459e+03 2.684500397528909161e+03 2.629403469090957515e+03 2.645813723688823757e+03 2.572746725624329883e+03 2.622213394971727212e+03 2.533548482339727343e+03 2.615186835305038585e+03 2.516774438227502287e+03 2.625531270102398594e+03 2.525526486950921480e+03 2.653351590422185836e+03 2.560444589754566096e+03 2.697627688773095997e+03 2.619217798286616926e+03 2.755727593024724683e+03 2.696521214858882558e+03 2.823387436699322279e+03 2.784595251641088453e+03 2.895224642260181554e+03 2.874306767271795707e+03 2.965388062931088371e+03 2.956394326068036207e+03 3.028052772977882796e+03 3.022790706291425522e+03 3.077897878823913743e+03 3.068014815729786278e+03 3.110845708775534604e+03 3.090384478997302267e+03 3.124963574592465648e+03 3.092422334398568182e+03 3.120915672204810107e+03 3.079879075942647432e+03 3.101483790883592519e+03 3.059640196781286249e+03 3.070493433901113349e+03 3.037627948009535430e+03
2.718485271733741229e+03 2.671356836355089399e+03 2.672279379373785559e+03 2.605863788214575834e+03 2.638883117054431750e+03 2.553990774796004644e+03 2.620391176378009277e+03 2.521605764070068744e+03 2.618266599040379788e+03 2.513223179058016740e+03 2.633631054571691038e+03 2.531440009156027827e+03 2.666913828052334338e+03 2.576132269416735653e+03 2.716966553492913590e+03 2.643792098760335648e+03 2.780479214827505984e+03 2.727673111110876107e+03 2.852283425110919325e+03 2.818816179425751670e+03 2.926186062970101830e+03 2.907396501148582047e+03 2.995653318453767497e+03 2.984002681589895019e+03 3.054263062043610717e+03 3.040973886513034813e+03 3.096404181974894527e+03 3.073942699235167765e+03 3.118494400923933881e+03 3.083140029352684451e+03 3.120107622577478196e+03 3.073363263879603437e+03 3.103886277150482783e+03 3.052020197167489187e+03 3.074109306198003651e+03 3.026310042135641652e+03 3.035150877484575176e+03
2.719021636919082084e+03 2.704721627815363718e+03 2.647408998223530489e+03 2.662381523108219881e+03 2.585098967505270139e+03 2.632825143627246689e+03 2.538537498270648939e+03 2.618022071717723975e+03 2.513195420014513275e+03 2.619813984707397594e+03 2.513354221073774625e+03 2.640039446391539514e+03 2.541331245530962406e+03 2.679473653371359887e+03 2.596123119653930189e+03 2.736397795815394147e+03 2.672658760470434572e+03 2.806275447885650010e+03 2.762549498489323014e+03 2.882719640572380285e+03 2.855710572018987477e+03 2.958589770603587567e+03 2.941775482591514447e+03 3.026491433715071253e+03 3.011209398204022818e+03 3.079216343689713085e+03 3.056761486848438381e+03 3.110993844265610733e+03 3.075484137816727525e+03 3.119479024252994350e+03 3.070190294195016122e+03 3.106765151456177136e+03 3.048411019273950387e+03 3.077943052748845275e+03 3.018910773355131369e+03 3.038428656890251204e+03 2.988404306791088402e+03
2.742871599147777488e+03 2.695602966294116413e+03 2.692700220361468382e+03 2.625437846279625774e+03 2.652738602709382121e+03 2.566835124579140484e+03 2.625488900529606781e+03 2.525726525536205827e+03 2.613082292626010712e+03 2.507396910987795309e+03 2.618348678256344101e+03 2.516429325909760337e+03 2.644249356500938575e+03 2.555014526515767557e+03 2.691544926765756372e+03 2.620749944372199479e+03 2.757077664656077104e+03 2.706399321360501290e+03 2.834472386738345449e+03 2.801831610653534426e+03 2.915992323000441502e+03 2.896063462987246567e+03 2.993471989170390316e+03 2.978235887506457402e+03 3.058349075264683961e+03 3.038471150530499926e+03 3.102371798876660705e+03 3.069900358753895944e+03 3.120095726942487090e+03 3.071779248850244585e+03 3.111857038303841819e+03 3.050707847028143988e+03 3.083552857866322938e+03 3.017277633472140678e+03 3.042668136673262779e+03 2.980689187787194442e+03 2.994740584857803697e+03
2.748648474288117995e+03 2.729823052623520198e+03 2.673285866765867922e+03 2.680259382141603510e+03 2.605107772861664216e+03 2.641161200535646913e+03 2.550349301547253617e+03 2.614637984491009775e+03 2.514322697451436397e+03 2.603598111717496977e+03 2.502942851517787403e+03 2.612852021011216493e+03 2.521900790098095968e+03 2.646646481971294634e+03 2.572887125082870170e+03 2.704588595131158854e+03 2.650925679095731084e+03 2.780823325764381480e+03 2.746014365002259638e+03 2.866809801046462326e+03 2.846582619850313677e+03 2.953655638258786894e+03 2.941050540317687137e+03 3.031975069689743123e+03 3.017756851126147467e+03 3.091394157119987540e+03 3.065870689203405618e+03 3.122350310916157014e+03 3.079189381928792045e+03 3.121141292993513161e+03 3.061064519757285780e+03 3.093274281189735575e+03 3.023581401732815266e+03 3.049461612108985264e+03 2.979854629730850320e+03 2.998309708999443501e+03 2.937647277508776824e+03
2.773799637435513432e+03 2.727066821037236878e+03 2.715519619099362444e+03 2.651577614201678443e+03 2.665226146280948797e+03 2.585783770615114463e+03 2.625415439781931127e+03 2.534256781067965676e+03 2.597851432309304073e+03 2.502389027939642801e+03 2.587708995070624496e+03 2.498485672302750118e+03 2.603169218779130460e+03 2.529938820660039255e+03 2.648899986776039896e+03 2.596258408694558966e+03 2.721049204908606043e+03 2.688137838793065384e+03 2.809927027504428679e+03 2.792850960214413590e+03 2.905326835201236918e+03 2.898300237905059021e+03 2.997562855401612069e+03 2.992292925355515308e+03 3.075315241825495377e+03 3.061275870026349367e+03 3.125107076390022030e+03 3.092398917809399336e+03 3.136279997332509083e+03 3.081802606910508075e+03 3.110367329372217682e+03 3.040705073788233221e+03 3.061481481199336486e+03 2.987924331047858686e+03 3.004448866774839189e+03 2.936502412910644125e+03 2.945944592845308307e+03
2.785801855147902643e+03 2.758998615778990370e+03 2.704641617211120320e+03 2.697628169823804001e+03 2.630019433082966316e+03 2.645662498602752294e+03 2.566340094851322192e+03 2.602984027575796972e+03 2.516098301823205475e+03 2.572274467045522670e+03 2.487233139895391560e+03 2.564004793269129550e+03 2.493280728739196547e+03 2.590750550631365059e+03 2.542135287481612522e+03 2.654306680212605443e+03 2.627420146151365316e+03 2.744113864628513511e+03 2.734179356140669370e+03 2.846858710854598030e+03 2.848609019083794919e+03 2.952388395611120359e+03 2.959126554293143272e+03 3.050047865468192867e+03 3.051930961600203318e+03 3.124699450426114709e+03 3.109024164774721612e+03 3.157338328739237113e+03 3.114678456553396700e+03 3.138899069460310784e+03 3.072723116885216768e+03 3.083205934967390476e+03 3.007916047961760796e+03 3.015454933857785363e+03 2.943903423066912637e+03 2.949932884633079539e+03 2.888140924053709114e+03
2.811873486655693341e+03 2.763908965416580486e+03 2.738648116543851756e+03 2.680723076121273607e+03 2.674736763768678429e+03 2.608229167501141092e+03 2.619759225561566836e+03 2.544458976209711636e+03 2.570372000604214918e+03 2.491758904587970392e+03 2.534265369383782399e+03 2.465994041614589605e+03 2.532538700985719515e+03 2.488560090547063282e+03 2.579619063413831554e+03 2.562184846499348168e+03 2.667513569587543316e+03 2.669310155348211538e+03 2.776952763672925357e+03 2.790671823339892399e+03 2.894322736259628073e+03 2.915424945719708376e+03 3.011130110694361065e+03 3.032255571405417868e+03 3.114274369099175601e+03 3.122844537909295468e+03 3.180510569753005711e+03 3.158886555471475276e+03 3.182328134940196833e+03 3.125210974685074234e+03 3.121709559215348690e+03 3.045434637140976520e+03 3.035776139977455387e+03 2.961662982665289746e+03 2.956915497679742657e+03 2.893257529461926879e+03 2.888745757020165001e+03
