new_elev.asc
NCOLS 97 
NROWS 88 
xllcorner 902500.0 
yllcorner 148500.0 
cellsize 1000.0 
NODATA_value -9999
[rows 68 to 84 of 88, columns 0 to 36 of 97]
2.557000000000000000e+03 2.572808347510365820e+03 2.566482467437627292e+03 2.582036763270627944e+03 2.565880563413617438e+03 2.593018845528360998e+03 2.578392345554822896e+03 2.614766666347505179e+03 2.607825063116012643e+03 2.649550385192612794e+03 2.652811052695463331e+03 2.697607630322197565e+03 2.709509159055643067e+03 2.757319549228350752e+03 2.772645424720526535e+03 2.824836691811705350e+03 2.836147130502674827e+03 2.894127897849629790e+03 2.893669589974977498e+03 2.957665923473984549e+03 2.939197233037321439e+03 3.007617083658323736e+03 2.967795628960930571e+03 3.037238940835222820e+03 2.976402227992597091e+03 3.042150803403546888e+03 2.964389410387968837e+03 3.021188733151384895e+03 2.933645880298084649e+03 2.976662448362087162e+03 2.888117003565667346e+03 2.913973856125920065e+03 2.832996906734518689e+03 2.840708287460881820e+03 2.773901964305529873e+03 2.765430714144360991e+03 2.716289460989533382e+03
2.504000000000000000e+03 2.524914060193931164e+03 2.543950433994531068e+03 2.541722754943099062e+03 2.563136211881072541e+03 2.557383857428274041e+03 2.584895074936641322e+03 2.584735971464494924e+03 2.616410316865407822e+03 2.626320845452145477e+03 2.660298494750099053e+03 2.680308801954881346e+03 2.716592113785208312e+03 2.742548301887455182e+03 2.782771289073337357e+03 2.807608403785000519e+03 2.853761633300513950e+03 2.869444506249352344e+03 2.922469849840600091e+03 2.921969416661291234e+03 2.980881111637414506e+03 2.959722694771750412e+03 3.021478246011081410e+03 2.978659878859448327e+03 3.038648905303949505e+03 2.976870217267695352e+03 3.029764497500334983e+03 2.954934454535004534e+03 2.995701442648432021e+03 2.915744818429666793e+03 2.940705413756112193e+03 2.863862234036895643e+03 2.871651308749721466e+03 2.804701238762042976e+03 2.796893965207437304e+03 2.743858265351624141e+03 2.724993420966934082e+03
2.478000000000000000e+03 2.497886884857534824e+03 2.508586658372294096e+03 2.527994721163077884e+03 2.531643034564960089e+03 2.553127479777865574e+03 2.559606950988326844e+03 2.583355483605309928e+03 2.598883158319014001e+03 2.623856824011062145e+03 2.650176240503395547e+03 2.676550943450167324e+03 2.710870276453039423e+03 2.740473773772691402e+03 2.776455921351577217e+03 2.811774674305264853e+03 2.841412954393216296e+03 2.884103146322451721e+03 2.899822715935899396e+03 2.949577202446474985e+03 2.945963704284857158e+03 3.000176220084287252e+03 2.975041592807632696e+03 3.029242683415267038e+03 2.983982393516927459e+03 3.032756805190393607e+03 2.972023949796440320e+03 3.010113575661444884e+03 2.940836911445381247e+03 2.964248723316955875e+03 2.894112665116248991e+03 2.901108017668406319e+03 2.836824592522762487e+03 2.828607551850348955e+03 2.774498823507535235e+03 2.755350456371767450e+03 2.712732002199141789e+03
2.445000000000000000e+03 2.468373065757789846e+03 2.488630597026429314e+03 2.500960103021942814e+03 2.519152567758443183e+03 2.531936961929603513e+03 2.550053956661055054e+03 2.570352546042152881e+03 2.588294628729764554e+03 2.619348466870454558e+03 2.637598245994762237e+03 2.678118910113899801e+03 2.698670466369946553e+03 2.743342927451335981e+03 2.769095151115801400e+03 2.810242227191782149e+03 2.843548333313417970e+03 2.873292253717099356e+03 2.914597624003771671e+03 2.926779491565479020e+03 2.974015429452268108e+03 2.965437290726365518e+03 3.014326322052603246e+03 2.985229676964819191e+03 3.030243736289571189e+03 2.984103977656229290e+03 3.019688699335388719e+03 2.962403322397503416e+03 2.984183963954334558e+03 2.922739660910633120e+03 2.928559390818349584e+03 2.869405617865690601e+03 2.860066003800703584e+03 2.807634799745737382e+03 2.787135746752347131e+03 2.743026302253577796e+03 2.718094823455281130e+03
2.431000000000000000e+03 2.448919617482971262e+03 2.466592559865969179e+03 2.483492507308376389e+03 2.501630073187649486e+03 2.516382520358796683e+03 2.540631169499337375e+03 2.553582138841444248e+03 2.588026524493001489e+03 2.600005249806076790e+03 2.644785477409799569e+03 2.657948965463027889e+03 2.708968401612935395e+03 2.726549339722683271e+03 2.776729921263752203e+03 2.801742702869578807e+03 2.843133057096557877e+03 2.876848844479174204e+03 2.902718366271386458e+03 2.943745431197427479e+03 2.950042191354292754e+03 2.994401017472554486e+03 2.980376061682626641e+03 3.022429802257142001e+03 2.990524328905008133e+03 3.024332716878897827e+03 2.979480794637592226e+03 3.000164032277692968e+03 2.948617254143440277e+03 2.953493410085417963e+03 2.901322083684720383e+03 2.890704868331007674e+03 2.842313421634407860e+03 2.819840110766555426e+03 2.776988469616152543e+03 2.749291786316267917e+03 2.711034050933080380e+03
2.409000000000000000e+03 2.429615712031959902e+03 2.446980565092222605e+03 2.468882160129571275e+03 2.482428282449871858e+03 2.509691095784742629e+03 2.519707856521924441e+03 2.556368425232603840e+03 2.563948920003109379e+03 2.611294591437278086e+03 2.618762625073490199e+03 2.673996053236992793e+03 2.684843665515050361e+03 2.741711314094482077e+03 2.759548643000116499e+03 2.810240115146563312e+03 2.837215535903070304e+03 2.874574384083599853e+03 2.910142080112507301e+03 2.929370820562323388e+03 2.970033921452381037e+03 2.969517690298616344e+03 3.009615609260470137e+03 2.990911695075657462e+03 3.024061334092025390e+03 2.991272637021706942e+03 3.011937131972743373e+03 2.970642430107684959e+03 2.975445829463306836e+03 2.931317799928998738e+03 2.919939460827040875e+03 2.877292939020619997e+03 2.852870567076105544e+03 2.813566107961643866e+03 2.782495725336892974e+03 2.745651950549895446e+03 2.716657697267924959e+03
2.391000000000000000e+03 2.409990922137519647e+03 2.433664767885641140e+03 2.448180111003532602e+03 2.477455114750691791e+03 2.486649561175272538e+03 2.524473988977194040e+03 2.529539181662307783e+03 2.577974774131345384e+03 2.581442715286535986e+03 2.638986476658496940e+03 2.644554499559955275e+03 2.705959505858881585e+03 2.717731882385124663e+03 2.775536587658189092e+03 2.796535712504570256e+03 2.843292175898858659e+03 2.873979516054430405e+03 2.904206556924711549e+03 2.941823478024764427e+03 2.953094271564273186e+03 2.992159796152658146e+03 2.985244292245748056e+03 3.018972927431975677e+03 2.997274093239302601e+03 3.019347019362431638e+03 2.987890055592812132e+03 2.994030963529612109e+03 2.958162897933308614e+03 2.947210778259616291e+03 2.911186285693928312e+03 2.885589272555186199e+03 2.851387621808341464e+03 2.817103253561590009e+03 2.783931283949933459e+03 2.749661238131388018e+03 2.714443414926605328e+03
2.374000000000000000e+03 2.395045694256125898e+03 2.412837333960610977e+03 2.443447289118582376e+03 2.454202360577383843e+03 2.492335583873867108e+03 2.496822440909038960e+03 2.545055433825811633e+03 2.546216050685878599e+03 2.604360736389031899e+03 2.606122947147786363e+03 2.670102763388548738e+03 2.676941348854696116e+03 2.739855949935875287e+03 2.755580551984975500e+03 2.809838836668946442e+03 2.836014598713164105e+03 2.875494903154442909e+03 2.910380570620482104e+03 2.931831258741129204e+03 2.970447917789070289e+03 2.973859007567548360e+03 3.009210494861821644e+03 2.997348080764183578e+03 3.022309341293267153e+03 2.999748412474448742e+03 3.008951556587129289e+03 2.980827479706778831e+03 2.972026121326994144e+03 2.942643624119476499e+03 2.917361938350805303e+03 2.888927566208108146e+03 2.852441653466208663e+03 2.824361405659991306e+03 2.785068521844616498e+03 2.754193075356236022e+03 2.722338012550327676e+03
2.340000000000000000e+03 2.371703520340952309e+03 2.405804474833884342e+03 2.421597907029171438e+03 2.459750382858902412e+03 2.465774966424811737e+03 2.512705477572292693e+03 2.513240299456251705e+03 2.570412726874865712e+03 2.569859531124900059e+03 2.634580055742575951e+03 2.637687051268220330e+03 2.703843966629070565e+03 2.715029101504411301e+03 2.775070736068251335e+03 2.796975027877062075e+03 2.844204075392791310e+03 2.876326514892401974e+03 2.906624352132137119e+03 2.944880992843030981e+03 2.957383478853801080e+03 2.994928219672997329e+03 2.991723041574561648e+03 3.020770717837079246e+03 3.005995503754443689e+03 3.019982792852925286e+03 2.998632568810142857e+03 2.993984938378143397e+03 2.970549654932143312e+03 2.947608774101609015e+03 2.924710947546204352e+03 2.887813575403346476e+03 2.865267717997096497e+03 2.822191393661683833e+03 2.796969449193166383e+03 2.757847848476283616e+03 2.725107421321220045e+03
2.322000000000000000e+03 2.361964577655455287e+03 2.387502513827159419e+03 2.426395690524426755e+03 2.436395133347968113e+03 2.481173923016717254e+03 2.482702104796509502e+03 2.537397700998286837e+03 2.535978728922247228e+03 2.599652505118914178e+03 2.600320309490284217e+03 2.667900487099340353e+03 2.675429887693658657e+03 2.739621202754890419e+03 2.757536394517953795e+03 2.811182970760792614e+03 2.840298119587237579e+03 2.878395120203475926e+03 2.915889029509612556e+03 2.936610184009427940e+03 2.976279501091930342e+03 2.980905304744251225e+03 3.014663385155671676e+03 3.006781112170897813e+03 3.026929695962804090e+03 3.011332364320876877e+03 3.012782402668510713e+03 2.994200736114742995e+03 2.975854757451936621e+03 2.957537047124118999e+03 2.922553642113579826e+03 2.905030451553804141e+03 2.860275779207881897e+03 2.840944922752566981e+03 2.796019299211495763e+03 2.769923222891786736e+03 2.735797441695449379e+03
2.305000000000000000e+03 2.349834061785734775e+03 2.392253766771681057e+03 2.409113603403110119e+03 2.451175038908906117e+03 2.455079696774119384e+03 2.505752606813635794e+03 2.504707218576490050e+03 2.565490829024141476e+03 2.565032606843176382e+03 2.632172934704671661e+03 2.637148428059262642e+03 2.703825680897201892e+03 2.718272681891924094e+03 2.777041184732262082e+03 2.802939734396937183e+03 2.847951883815607744e+03 2.883962834432550608e+03 2.912351422378376355e+03 2.953440655836247515e+03 2.965530531923822309e+03 3.003874203469578333e+03 3.002501639881776100e+03 3.029559724322899910e+03 3.019079585219823912e+03 3.028178605800727382e+03 3.013411460181853272e+03 3.001774901028541535e+03 2.986696854190049635e+03 2.956107518614147921e+03 2.942328113490865690e+03 2.898548210652455509e+03 2.884329470458199921e+03 2.836054615222941266e+03 2.816673462473487234e+03 2.774422140655161002e+03 2.743815811346740247e+03
2.310000000000000000e+03 2.359611958627898730e+03 2.386075813516630660e+03 2.424814329341862049e+03 2.431755947457315415e+03 2.476551189820449054e+03 2.476541861672420964e+03 2.532370551277801951e+03 2.531903162954902655e+03 2.596606408876502883e+03 2.600308972489624011e+03 2.667688406575947283e+03 2.679570695297103612e+03 2.742061398795106925e+03 2.764855877466678066e+03 2.815878556004245638e+03 2.849681403823811252e+03 2.885319876952357845e+03 2.926675972989623460e+03 2.946211796858980961e+03 2.988255619917131753e+03 2.993597256337527142e+03 3.027520874664488019e+03 3.022241997178132806e+03 3.039910432854756891e+03 3.028483251352722164e+03 3.025213010480594221e+03 3.012140261795891092e+03 2.988146515230694149e+03 2.976401334985813719e+03 2.936310237149267323e+03 2.925606354407171239e+03 2.877039592906174221e+03 2.863394409306697071e+03 2.815864577894649756e+03 2.793054523697644527e+03 2.757092749817381446e+03
2.333000000000000000e+03 2.373662215617225684e+03 2.407511111644068933e+03 2.416258763733750129e+03 2.452343387173790688e+03 2.452763142489113761e+03 2.501025274186979459e+03 2.501039337478488960e+03 2.561051244837125068e+03 2.564744121660978180e+03 2.630881408945002022e+03 2.641509325092090876e+03 2.706139223630588731e+03 2.726500600126751124e+03 2.782449585859417766e+03 2.813694569905492699e+03 2.856058602944177437e+03 2.896429770665732576e+03 2.923455396252494211e+03 2.967713634276689845e+03 2.980357734011708999e+03 3.020282517947101496e+03 3.021087646671163839e+03 3.047521439167310746e+03 3.039960472550268605e+03 3.046112636649085744e+03 3.034511766608474773e+03 3.018705542853989755e+03 3.007326408433249071e+03 2.973133424397150520e+03 2.963815265288867977e+03 2.918003421676772177e+03 2.908292753997486670e+03 2.859075325182111101e+03 2.842980001665874170e+03 2.799637277954029742e+03 2.770420609512053034e+03
2.404000000000000000e+03 2.414285136645688453e+03 2.416804493247951996e+03 2.438536097615079598e+03 2.436288624232792699e+03 2.473213231179094691e+03 2.472863564942609173e+03 2.525432838627354158e+03 2.529962042468961045e+03 2.592747274194270631e+03 2.603710405285362413e+03 2.668734061265751279e+03 2.687997425662953447e+03 2.747547168948349281e+03 2.776609053959917219e+03 2.824898889123944627e+03 2.863393645381454007e+03 2.897686301316661684e+03 2.942395069491270988e+03 2.962866287876601746e+03 3.007186813468174023e+03 3.015449565142500433e+03 3.050126410163938999e+03 3.048132341966605964e+03 3.064254047968146097e+03 3.054913144506500885e+03 3.048254002958289675e+03 3.036239353230706911e+03 3.009200923282799067e+03 2.998945563994838722e+03 2.958141583615626132e+03 2.949954954683748838e+03 2.902682814528220206e+03 2.891526802699715518e+03 2.845060432666886754e+03 2.823562606389857137e+03 2.786328915054868958e+03
2.455000000000000000e+03 2.444862577047285413e+03 2.443997631026989438e+03 2.432501293317036470e+03 2.452422212361083439e+03 2.448591000105468083e+03 2.490002631321864556e+03 2.495149166499398689e+03 2.552248661506227563e+03 2.565140351592337083e+03 2.628801940110478881e+03 2.648904838088537417e+03 2.710565376039239254e+03 2.738741341967634980e+03 2.791873597213765152e+03 2.828452897821692204e+03 2.869338114907921408e+03 2.912939258052168498e+03 2.941187150543995813e+03 2.987730994420446223e+03 3.004612047607127352e+03 3.046244040863710779e+03 3.052365632156313040e+03 3.078703877531243961e+03 3.074206513891569102e+03 3.077459409383222919e+03 3.065327423433511285e+03 3.045738373443241926e+03 3.032498279703401749e+03 2.997377357122476496e+03 2.987754068759437814e+03 2.945069664581300458e+03 2.936604221862920895e+03 2.891631617151885621e+03 2.876345731367295684e+03 2.834348166647326707e+03 2.804936869008478425e+03
2.529000000000000000e+03 2.483088522004989045e+03 2.449781981151315449e+03 2.444456880869407087e+03 2.430877429875060443e+03 2.455787213948241515e+03 2.459254985000911347e+03 2.507856655228574255e+03 2.523766328350705862e+03 2.584590305301801436e+03 2.607963330218939518e+03 2.670289216090312948e+03 2.699799542238972208e+03 2.756511619620374404e+03 2.792378572570049073e+03 2.838862765350675545e+03 2.880625667365449772e+03 2.915779807136103045e+03 2.962131725295871092e+03 2.987697224366303999e+03 3.034060139436843201e+03 3.050592490859743066e+03 3.087082544358374435e+03 3.091744153084289337e+03 3.106282509096309695e+03 3.097135627443742123e+03 3.085237906935448336e+03 3.068088464317535909e+03 3.037435084487866789e+03 3.022755728994447963e+03 2.984941107539507811e+03 2.976184411816102056e+03 2.936585363786722155e+03 2.926124485073254164e+03 2.885301991650404034e+03 2.862905368425441338e+03 2.824709110347524529e+03
2.560000000000000000e+03 2.494861637812574827e+03 2.456187265896243844e+03 2.424283876530804719e+03 2.425342810457157157e+03 2.421603527167574612e+03 2.457360681258316617e+03 2.476178840556252908e+03 2.532950600204831517e+03 2.562598056204534714e+03 2.624869469322701207e+03 2.658514409227233045e+03 2.717710632013122904e+03 2.755182929614586101e+03 2.806374929974223505e+03 2.847203090223063555e+03 2.887783452710001256e+03 2.932071802368142016e+03 2.964628065534574944e+03 3.012426207705942033e+03 3.039843449753142977e+03 3.085072593744301230e+03 3.103887479707204420e+03 3.132110726203453851e+03 3.132625630257694411e+03 3.130491813539868872e+03 3.111684109589473337e+03 3.083117332925304254e+03 3.059523416858075961e+03 3.022977789446972110e+03 3.009136116140134163e+03 2.976043145157205345e+03 2.968974292108611280e+03 2.935627583517749372e+03 2.920254976640350833e+03 2.882025100508861669e+03 2.849420783508103796e+03
