new_elev.asc
NCOLS 97 
NROWS 88 
xllcorner 902500.0 
yllcorner 148500.0 
cellsize 1000.0 
NODATA_value -9999
[rows 51 to 67 of 88, columns 0 to 36 of 97]
2.199411907623660227e+03 2.250355761111276024e+03 2.334277898509148599e+03 2.388377966061291772e+03 2.458772527800495027e+03 2.497570973253409647e+03 2.521013618866654724e+03 2.554523262974654699e+03 2.568674767441135373e+03 2.592286963949714391e+03 2.600919292717876033e+03 2.602867207308175239e+03 2.600474127895424317e+03 2.608146283442159074e+03 2.634270743123016928e+03 2.683718444939587243e+03 2.733823969289263459e+03 2.825847251102560222e+03 2.884391636108909552e+03 2.972800194115002796e+03 3.051674651613379865e+03 3.113410008904780625e+03 3.217418582623075963e+03 3.268808734683933835e+03 3.301661393181706899e+03 3.277559303187583737e+03 3.230597437264494602e+03 3.132555404494505638e+03 3.059200794952904744e+03 2.951564374401306395e+03 2.860278217418181612e+03 2.792158070085802137e+03 2.667761938682911477e+03 2.595183449688240671e+03 2.494482906641982936e+03 2.416988764916778564e+03 2.363183722386464069e+03
2.205973709379039519e+03 2.254236316027422163e+03 2.344680894608383369e+03 2.398303265768093752e+03 2.473086526514036905e+03 2.511843891975106544e+03 2.540202377630520459e+03 2.573057015260244043e+03 2.592772793499178988e+03 2.608938305528547971e+03 2.611726701751282690e+03 2.595487638637913278e+03 2.575625234398561588e+03 2.569142679719774151e+03 2.588033285502975104e+03 2.635448922380135173e+03 2.685788563221766253e+03 2.788457128522218682e+03 2.851381232447227831e+03 2.952200541041832366e+03 3.042568876522144819e+03 3.114279615920479955e+03 3.226090332888832563e+03 3.281296317888484282e+03 3.322623641410208620e+03 3.298930111958502948e+03 3.248984915368710517e+03 3.143561158569488725e+03 3.067616185998642777e+03 2.954258655252868721e+03 2.868329162185294081e+03 2.802256285982891768e+03 2.688425473986271300e+03 2.620253210710147414e+03 2.521613774123899475e+03 2.446378373036827270e+03 2.392646647982656305e+03
2.222343239637002171e+03 2.274741541636296006e+03 2.362186379798430607e+03 2.418674024748923330e+03 2.491536792693862935e+03 2.534326160519272435e+03 2.563829503701388603e+03 2.598363686378802413e+03 2.615754750031051117e+03 2.629216616023206370e+03 2.613018065712276893e+03 2.588261189876408935e+03 2.543925851032973242e+03 2.523300783899183898e+03 2.526163151930687945e+03 2.576220990603000246e+03 2.629796888117602066e+03 2.741345761762005168e+03 2.816581157049312424e+03 2.930356502610757616e+03 3.024961119652649359e+03 3.110554870138386832e+03 3.240873380897689003e+03 3.302154421459642435e+03 3.352499032431026080e+03 3.324066334849283976e+03 3.276518908226816620e+03 3.158452249343215499e+03 3.079613734384919098e+03 2.961964884420287490e+03 2.879145812837908124e+03 2.818603396048255490e+03 2.715359117199988304e+03 2.652315727982660064e+03 2.561442224835786419e+03 2.491718490447981821e+03 2.437982586055245974e+03
2.257404074164286158e+03 2.302448784382231679e+03 2.387202969863435555e+03 2.437266592664721429e+03 2.503189244425094785e+03 2.545050148034498307e+03 2.571544814110360221e+03 2.605828502561421828e+03 2.619911093944488130e+03 2.631128669458120385e+03 2.612379159828005868e+03 2.577061724642388981e+03 2.520813582230854081e+03 2.495196463843141373e+03 2.491387829491166030e+03 2.540118951743545040e+03 2.594062974518939882e+03 2.708242456393836164e+03 2.784761480029451832e+03 2.904702565642617174e+03 3.006430116008069035e+03 3.094471551510701829e+03 3.236706277429705096e+03 3.306408679592999761e+03 3.364662650015975487e+03 3.335959372223967875e+03 3.285830859589753345e+03 3.164012641467266803e+03 3.083150697243765080e+03 2.969454167153285653e+03 2.896000669268496949e+03 2.841933277384865505e+03 2.751321872941616220e+03 2.700239330917511779e+03 2.619509170844467917e+03 2.553268048699074370e+03 2.501083808349987976e+03
2.296817798470858634e+03 2.335662276328221651e+03 2.404366421667779377e+03 2.446243143981163030e+03 2.504434257161068672e+03 2.534431230430100186e+03 2.556026946048846185e+03 2.586084090239264697e+03 2.598457779013665913e+03 2.606037042145974283e+03 2.593600733351630879e+03 2.570965240182351863e+03 2.524719005599496541e+03 2.509170780479272707e+03 2.514067523419325880e+03 2.556744137365892584e+03 2.604774349726615583e+03 2.707713143470601153e+03 2.774120373144914083e+03 2.885439364883989583e+03 2.984107648555944252e+03 3.070933103553145884e+03 3.215757231359678372e+03 3.285507120091623165e+03 3.345232831030082707e+03 3.323271280564467361e+03 3.273159942697068345e+03 3.160029862436987969e+03 3.082286084735381337e+03 2.976560342184046476e+03 2.912519478816486298e+03 2.865760447974742874e+03 2.789208425625683503e+03 2.747301537752608965e+03 2.670350761776444415e+03 2.610532704058585296e+03 2.568728893151688681e+03
2.348120658228801403e+03 2.373339036901730651e+03 2.426096266189033031e+03 2.452126260479390567e+03 2.492194318219508204e+03 2.513814675176119636e+03 2.528926371228584685e+03 2.544870113723055056e+03 2.549935111568710909e+03 2.561008749108100801e+03 2.558060861766659400e+03 2.554464979493384817e+03 2.544737011252588218e+03 2.539957065861853152e+03 2.559480597430017042e+03 2.597390002871725301e+03 2.635804622858562198e+03 2.714782280416534377e+03 2.767860861712008045e+03 2.861337107042165826e+03 2.952044046387758044e+03 3.039297478375809533e+03 3.180833784001394633e+03 3.253632802818118762e+03 3.313097261142398565e+03 3.293786707141555326e+03 3.250983318559535746e+03 3.142671021169206142e+03 3.073206374837800468e+03 2.981030774056931023e+03 2.928081673167049303e+03 2.887161302158472154e+03 2.832577841347922458e+03 2.798512831222170917e+03 2.739707706848197176e+03 2.690284562287634799e+03 2.649847037528606052e+03
2.391144418050375862e+03 2.407326604956603205e+03 2.439189899081113708e+03 2.462198755633839482e+03 2.488408319635768294e+03 2.494454397898425668e+03 2.500815663987354583e+03 2.507821847707675261e+03 2.508376567720436469e+03 2.521995544504160989e+03 2.533381226506832718e+03 2.540601673478020530e+03 2.561318911992359062e+03 2.575544123228293756e+03 2.607558739483533373e+03 2.644630405976137354e+03 2.672093646234111475e+03 2.727189811320230547e+03 2.769605216379894500e+03 2.845291002703666891e+03 2.931070061946113583e+03 3.015741086067204833e+03 3.152741633136705332e+03 3.220946205690556781e+03 3.286373349187150325e+03 3.270667364002728391e+03 3.228154027729494828e+03 3.130801003334520374e+03 3.067380203080323554e+03 2.985977982407647232e+03 2.940639829011630354e+03 2.910915385680230429e+03 2.865325658980334538e+03 2.838447047149860282e+03 2.788851141017437840e+03 2.745140736988443678e+03 2.711772086832417244e+03
2.453685516203110637e+03 2.454573036533902268e+03 2.467941566814361977e+03 2.472390762907684348e+03 2.478444538698136512e+03 2.474569312214656293e+03 2.471959557513420350e+03 2.465004995487292035e+03 2.463956398455708495e+03 2.478371264266548224e+03 2.501360682039577569e+03 2.533324245765667911e+03 2.590611157913194347e+03 2.623894011593363302e+03 2.672746212123903661e+03 2.705340261918666329e+03 2.724387326731350186e+03 2.750347997554406447e+03 2.774409386288734822e+03 2.832199643229123467e+03 2.908404715461193064e+03 2.988217421327127340e+03 3.121093349332895741e+03 3.188485927309642648e+03 3.249273926212556034e+03 3.240274805433086840e+03 3.206073537692687296e+03 3.121942343397528930e+03 3.065397990619170287e+03 2.991058295960628129e+03 2.956589328090859453e+03 2.937358143978839962e+03 2.909551493229505922e+03 2.888284906693287667e+03 2.852111095090248000e+03 2.816495104077255746e+03 2.784892077747862913e+03
2.522544920841661224e+03 2.516305254409222016e+03 2.505241109602159668e+03 2.495240872348873836e+03 2.482128393723867248e+03 2.472263036753554388e+03 2.457824107924277087e+03 2.436158679328016660e+03 2.435309254348489958e+03 2.450965775361816213e+03 2.490049310801413867e+03 2.536422251031667201e+03 2.619655014342124559e+03 2.672171003455365735e+03 2.738591149976486577e+03 2.766882374417494248e+03 2.780022742970837498e+03 2.790740758268031186e+03 2.803080033359457957e+03 2.841252100185524796e+03 2.913143774137163291e+03 2.982322078199522366e+03 3.105708481150663374e+03 3.171187894966297790e+03 3.233772339043504871e+03 3.226129962516908563e+03 3.195057670050643537e+03 3.121256811850164922e+03 3.076100427726846192e+03 3.014865833605137141e+03 2.984939852411903303e+03 2.967502664671927050e+03 2.944565354483208012e+03 2.928266253755703929e+03 2.898966071930515682e+03 2.870988118940306776e+03 2.847851108405262494e+03
2.583889798961348788e+03 2.570913809537616544e+03 2.546734014357820342e+03 2.532436706299602520e+03 2.509418934010658177e+03 2.491879154393266617e+03 2.475965750666485292e+03 2.453286369156193814e+03 2.447799290053028926e+03 2.461601610389664074e+03 2.505962199360226350e+03 2.554937501811171842e+03 2.651026821086516975e+03 2.705653801601587929e+03 2.782118346705652584e+03 2.810151434394922489e+03 2.819032545384449804e+03 2.833589105077321619e+03 2.842087469202573629e+03 2.885850730846887473e+03 2.951782114745267336e+03 3.017544860377766781e+03 3.134388578822418822e+03 3.191976949377454730e+03 3.250124665877288862e+03 3.243414302940523612e+03 3.219277764958299485e+03 3.148924340019319061e+03 3.100150285216182965e+03 3.041626813938489249e+03 3.012698226876393619e+03 2.989836245693126784e+03 2.958311259147440524e+03 2.939123440469974412e+03 2.905664075358442005e+03 2.881061939958039602e+03 2.858063410086860131e+03
2.656021854688183794e+03 2.635161822499425853e+03 2.603250450969948815e+03 2.577170805683887920e+03 2.550968629884382153e+03 2.531378225768538414e+03 2.513507804626290181e+03 2.488572546044517367e+03 2.478674199585755105e+03 2.495266887432676413e+03 2.536798420949634874e+03 2.589378389664431779e+03 2.684052105884258253e+03 2.741903038954349540e+03 2.817080657164699460e+03 2.851246209198176985e+03 2.869286477955365626e+03 2.889027754419231314e+03 2.904446148125780383e+03 2.950410826363041906e+03 3.010130806540956655e+03 3.074516583488813922e+03 3.184262455173065064e+03 3.238136757559053422e+03 3.291189785765468514e+03 3.283293819799858284e+03 3.254636948023768127e+03 3.189017924382931596e+03 3.144915708818879921e+03 3.080715161933465879e+03 3.041967779807052011e+03 3.014592960087935353e+03 2.966034641815553186e+03 2.939713128871743265e+03 2.895806128387569515e+03 2.868321308863320155e+03 2.852397669932011468e+03
2.702729838184229266e+03 2.686823743965232097e+03 2.641417990864723834e+03 2.619518129292873709e+03 2.582655713104227289e+03 2.559860109432231184e+03 2.543904442323433614e+03 2.521633365619979486e+03 2.514262121336636483e+03 2.527961512572134779e+03 2.570481984556756288e+03 2.618505651513548855e+03 2.710255149930364041e+03 2.764338393405449096e+03 2.843518154519816562e+03 2.885208495150334784e+03 2.906321918501136679e+03 2.935645503278050001e+03 2.955870300223067716e+03 3.006924033658196095e+03 3.069452843780675721e+03 3.127837129718691358e+03 3.227779506693202165e+03 3.278574635050613324e+03 3.323265569424691421e+03 3.312982932023531248e+03 3.288024398779312378e+03 3.226626658689390297e+03 3.182764286303066456e+03 3.115572582534909088e+03 3.067616525345616992e+03 3.026665472060342381e+03 2.963263107458792092e+03 2.928046823687040160e+03 2.879864112840820326e+03 2.851516555752184104e+03 2.836870951659331240e+03
2.766943493852974370e+03 2.747156992734120195e+03 2.696243537981675217e+03 2.665443415365652982e+03 2.628930370364201281e+03 2.607906084361142348e+03 2.589586666439417968e+03 2.570714032624638094e+03 2.563484346760889366e+03 2.578700392826755888e+03 2.615552039161135781e+03 2.661000994164261101e+03 2.742783759645944883e+03 2.797516873713369932e+03 2.872618066096241364e+03 2.920452629446742321e+03 2.950075901768871063e+03 2.997904908610134498e+03 3.031430734993720762e+03 3.086989373177814286e+03 3.150933757153513852e+03 3.203494349160054298e+03 3.293228554166502363e+03 3.335401871471778577e+03 3.377432806508998056e+03 3.366358754869738732e+03 3.339229130003416230e+03 3.273211282205245880e+03 3.227568004211845619e+03 3.154979413255606687e+03 3.096516887660373413e+03 3.042407042828722751e+03 2.958291700910732288e+03 2.911000781165802437e+03 2.841579676149237457e+03 2.813056738678072634e+03 2.800420364564955435e+03
2.780387848083966219e+03 2.760919163459638185e+03 2.715993437629182154e+03 2.681717945333475654e+03 2.644135240149343645e+03 2.628387457249041745e+03 2.613465623106019393e+03 2.594791935730104797e+03 2.591849265060424386e+03 2.601128477375383227e+03 2.637377311640150765e+03 2.678909551958939574e+03 2.754125012880119357e+03 2.799892124930171121e+03 2.873173142251152058e+03 2.928762746605823395e+03 2.964671796000672657e+03 3.026147522993463554e+03 3.058939159278037550e+03 3.123175917158831908e+03 3.186098557410090962e+03 3.238479360977238230e+03 3.326731294553033422e+03 3.364788000771083261e+03 3.397060932107439839e+03 3.386609013589721599e+03 3.360863571156259695e+03 3.293139732149992142e+03 3.246294223169200450e+03 3.170792213387281208e+03 3.101870739589211098e+03 3.043203454200526267e+03 2.941255653350336615e+03 2.888341473971704090e+03 2.813208920677285278e+03 2.779047680871123703e+03 2.766336140182609142e+03
2.768995265171242409e+03 2.748191462191266510e+03 2.705937692934360257e+03 2.679045487372021853e+03 2.644376298153228163e+03 2.627501454009735426e+03 2.612739986631403553e+03 2.599929881512684915e+03 2.596140328446949752e+03 2.608346090515871310e+03 2.642259268315275676e+03 2.677619735168728766e+03 2.744231106293440462e+03 2.789703324291431272e+03 2.860665083227315336e+03 2.915194063665442172e+03 2.955067769056072393e+03 3.021138399458227013e+03 3.062039705276751192e+03 3.129504747410306663e+03 3.190860721687202386e+03 3.242553116931929253e+03 3.327099981456638488e+03 3.368366703146382861e+03 3.400993462707242088e+03 3.390692314114306100e+03 3.361419856522712507e+03 3.290161321497021163e+03 3.240242382155082396e+03 3.161472295190016212e+03 3.091424969024714301e+03 3.031457490355117898e+03 2.925825894519559824e+03 2.867425684381405972e+03 2.791883896234315216e+03 2.756597074655213873e+03 2.734444620764675165e+03
2.703716635146962290e+03 2.690688449872086494e+03 2.658109738201980690e+03 2.639083445660250618e+03 2.623833547214924693e+03 2.613900853460688722e+03 2.604271338689794902e+03 2.598712505455715927e+03 2.600312750979719567e+03 2.612299461821462501e+03 2.636965661779399852e+03 2.662642494759443252e+03 2.715359506837165100e+03 2.749482810941481603e+03 2.809776450747910985e+03 2.861537112357323622e+03 2.906172365452282520e+03 2.981675379803259602e+03 3.025731690969293595e+03 3.100399480816035521e+03 3.165646673917913176e+03 3.220101493961531105e+03 3.309107850241859524e+03 3.352597110831245573e+03 3.386473163249527715e+03 3.370522630737779764e+03 3.336488898964761574e+03 3.260797413153694379e+03 3.203337026922793029e+03 3.118958657583344575e+03 3.047438108021989137e+03 2.982290313347799838e+03 2.880909653508376323e+03 2.823406682827604527e+03 2.739103663697085722e+03 2.694535873346767858e+03 2.669621212961536457e+03
2.649682458992003376e+03 2.637350037726400842e+03 2.622381778569910239e+03 2.611291826611960460e+03 2.600777788973404768e+03 2.593807298195517888e+03 2.590397508901975016e+03 2.589467976658041607e+03 2.594698721364542052e+03 2.609893258426455759e+03 2.631479678453798897e+03 2.652359586020595998e+03 2.688198714891935651e+03 2.717535699655593817e+03 2.771984440143024131e+03 2.824595165356956386e+03 2.869742030280190647e+03 2.948249512334605697e+03 2.996901459391673143e+03 3.074182918165256979e+03 3.142846049450873124e+03 3.201086196727117567e+03 3.295684412962214992e+03 3.339468098074261889e+03 3.372788955323483151e+03 3.352331253841516173e+03 3.318800895073163701e+03 3.235210768437500064e+03 3.177040883471934194e+03 3.083254900709078811e+03 3.011723835471692382e+03 2.949620550819905475e+03 2.847256173222620873e+03 2.791967917174652939e+03 2.707214777636272629e+03 2.660229200678082634e+03 2.625638291043605932e+03
