new_elev.asc
NCOLS 119 
NROWS 142 
xllcorner -2035500.0 
yllcorner 839500.0 
cellsize 1000.0 
NODATA_value -9999
[rows 51 to 67 of 142, columns 37 to 73 of 119]
2.005396661481875981e+03 2.014205840532122693e+03 2.022576931135560017e+03 2.030494888649059703e+03 2.037945130390489794e+03 2.044913687051222496e+03 2.051387349768245713e+03 2.057353811003376904e+03 2.062801797157336750e+03 2.067721190660508910e+03 2.072103139151617142e+03 2.075940149301367910e+03 2.079226162878950163e+03 2.081956612810061415e+03 2.084128457245104073e+03 2.085740190048525164e+03 2.086791826630717878e+03 2.087284864661047777e+03 2.087222219905742350e+03 2.086608138202477676e+03 2.085448085384042770e+03 2.083748617761999412e+03 2.081517236541164493e+03 2.078762230220054789e+03 2.075492509605840041e+03 2.071717440503084617e+03 2.067446679397149637e+03 2.062690017525982967e+03 2.057457238606398278e+03 2.051757995150017450e+03 2.045601707775832210e+03 2.038997491216016670e+03 2.031954109842474963e+03 2.024479964544454560e+03 2.016583111699039364e+03 2.008271313837500202e+03 1.999552120464815744e+03
2.001314144779071512e+03 2.010298888942730628e+03 2.018847556244420275e+03 2.026944770049392446e+03 2.034575601126461379e+03 2.041725725479770972e+03 2.048381577617434687e+03 2.054530497399644446e+03 2.060160868404578650e+03 2.065262245573566361e+03 2.069825469769371921e+03 2.073842766824477621e+03 2.077307828689334201e+03 2.080215874429079122e+03 2.082563689071797853e+03 2.084349638686015169e+03 2.085573660556989125e+03 2.086237227930335393e+03 2.086343289480289968e+03 2.085896184414608797e+03 2.084901534919445567e+03 2.083366118442037987e+03 2.081297723070692882e+03 2.078704989963947810e+03 2.075597247368566514e+03 2.071984341217309520e+03 2.067876467585067530e+03 2.063284012385541246e+03 2.058217403597309385e+03 2.052686981013574496e+03 2.046702888018749491e+03 2.040274989220774842e+03 2.033412816932492433e+03 2.026125548527711317e+03 2.018422015633201909e+03 2.010310744996610083e+03 2.001800029734865802e+03
1.997187458034495876e+03 2.006328404595052916e+03 2.015035266202727144e+03 2.023292410642696041e+03 2.031084638810604247e+03 2.038397347819332253e+03 2.045216689393879051e+03 2.051529721702647748e+03 2.057324552584220328e+03 2.062590471960257673e+03 2.067318071099573444e+03 2.071499346337557654e+03 2.075127784878880448e+03 2.078198430436156741e+03 2.080707926694436082e+03 2.082654536946257394e+03 2.084038138713096032e+03 2.084860192747462861e+03 2.085123686479860226e+03 2.084833052713687721e+03 2.083994065150926417e+03 2.082613713119562362e+03 2.080700058635035475e+03 2.078262079626530976e+03 2.075309503759579457e+03 2.071852637756976037e+03 2.067902197433064430e+03 2.063469143790428461e+03 2.058564530469264355e+03 2.053199367582387822e+03 2.047384506516136298e+03 2.041130549641276730e+03 2.034447788078482063e+03 2.027346169727831693e+03 2.019835298734941716e+03 2.011924466466528429e+03 2.003622712947154923e+03
1.993026364531613581e+03 2.002304063930180746e+03 2.011149693158487707e+03 2.019547437058617788e+03 2.027481899148441244e+03 2.034938268957624587e+03 2.041902484565274108e+03 2.048361388505187733e+03 2.054302875029662573e+03 2.059716026561799026e+03 2.064591237041597196e+03 2.068920319805093186e+03 2.072696597648870011e+03 2.075914972841615054e+03 2.078571975062430283e+03 2.080665785578821669e+03 2.082196236425422285e+03 2.083164783900184375e+03 2.083574456343514157e+03 2.083429776886454420e+03 2.082736662619740855e+03 2.081502302414925907e+03 2.079735016387509404e+03 2.077444100694659937e+03 2.074639661971803434e+03 2.071332446200859067e+03 2.067533667140217858e+03 2.063254839610623094e+03 2.058507622906886354e+03 2.053303679385989199e+03 2.047654552869163354e+03 2.041571570899327071e+03 2.035065774134272488e+03 2.028147875256433053e+03 2.020828248774282201e+03 2.013116952015940569e+03 2.005023776513028224e+03
1.988837875269306096e+03 1.998232941010100376e+03 2.007198017640584567e+03 2.015717175428101200e+03 2.023774888337366065e+03 2.031356204651943244e+03 2.038446912762075272e+03 2.045033700315743090e+03 2.051104304767593931e+03 2.056647653205554889e+03 2.061653989209998144e+03 2.066114984427858872e+03 2.070023832545136429e+03 2.073375323433657286e+03 2.076165895445244132e+03 2.078393664136145162e+03 2.080058426127779967e+03 2.081161637340618654e+03 2.081706365463226575e+03 2.081697217218527840e+03 2.081140241738523855e+03 2.080042812126929675e+03 2.078413488042988320e+03 2.076261862844291500e+03 2.073598399447298107e+03 2.070434259569056849e+03 2.066781131374181314e+03 2.062651060744497954e+03 2.058056291399091606e+03 2.053009118911497353e+03 2.047521763298715086e+03 2.041606264302213049e+03 2.035274402761080410e+03 2.028537650616410247e+03 2.021407151114780390e+03 2.013893729733439159e+03 2.006007935269990412e+03
1.984626399607195935e+03 1.994119650564808126e+03 2.003185103106227871e+03 2.011806776565162863e+03 2.019969078078140456e+03 2.027656975647864328e+03 2.034856166379119941e+03 2.041553238129069541e+03 2.047735822662559713e+03 2.053392738252888194e+03 2.058514119541894615e+03 2.063091532393041234e+03 2.067118071458839040e+03 2.070588438258155293e+03 2.073498997733925535e+03 2.075847811546296725e+03 2.077634646752702338e+03 2.078860959030101640e+03 2.079529850194179289e+03 2.079646000447274673e+03 2.079215576517120098e+03 2.078246117603021958e+03 2.076746401792616780e+03 2.074726296316544904e+03 2.072196595636374695e+03 2.069168851880568582e+03 2.065655202525694676e+03 2.061668200442009038e+03 2.057220651467098378e+03 2.052325464529068086e+03 2.046995519010588396e+03 2.041243553533973454e+03 2.035082079670722806e+03 2.028523323259272956e+03 2.021579195081477565e+03 2.014261291636144506e+03 2.006580925695087217e+03
1.980393932297048423e+03 1.989966526276321702e+03 1.999113664537376508e+03 2.007819373979410329e+03 2.016068052174683999e+03 2.023844642123816811e+03 2.031134802223497900e+03 2.037925069747899215e+03 2.044203016002754111e+03 2.049957391163848570e+03 2.055178256682003848e+03 2.059857103047465898e+03 2.063986950679717211e+03 2.067562431763414679e+03 2.070579851002468786e+03 2.073037223522128443e+03 2.074934288516893957e+03 2.076272497716990074e+03 2.077054978317840323e+03 2.077286470668754191e+03 2.076973241726006563e+03 2.076122976014024971e+03 2.074744646575091338e+03 2.072848369089571861e+03 2.070445242981684714e+03 2.067547183858077915e+03 2.064166752029385862e+03 2.060316982114458369e+03 2.056011218805389944e+03 2.051262963768287136e+03 2.046085738367296926e+03 2.040492966433221454e+03 2.034497880666726815e+03 2.028113455490670958e+03 2.021352368274191122e+03 2.014226989875852041e+03 2.006749404431366656e+03
1.976140270684651341e+03 1.985773828242113268e+03 1.994984465197348982e+03 2.003756269012547818e+03 2.012073679212368006e+03 2.019921663164266192e+03 2.027285887139403258e+03 2.034152881029192258e+03 2.040510194956778378e+03 2.046346545876697292e+03 2.051651952121787872e+03 2.056417853757072407e+03 2.060637216557766806e+03 2.064304617462633360e+03 2.067416309480378914e+03 2.069970264256628525e+03 2.071966190846951577e+03 2.073405529685736383e+03 2.074291421282651299e+03 2.074628649802793916e+03 2.074423562372040578e+03 2.073683965669146346e+03 2.072419002090701724e+03 2.070639008471712259e+03 2.068355360980378009e+03 2.065580310348885178e+03 2.062326812023887669e+03 2.058608356096401621e+03 2.054438801982684708e+03 2.049832222763573554e+03 2.044802763845848858e+03 2.039364520189357336e+03 2.033531435759766509e+03 2.027317228138277187e+03 2.020735340372246355e+03 2.013798921215933206e+03 2.006520833923905002e+03
1.971863255579952238e+03 1.981539973266210836e+03 1.990796535359281734e+03 1.999617137088971049e+03 2.007986305499485979e+03 2.015889075657200920e+03 2.023311162232814468e+03 2.030239124920284894e+03 2.036660526023309330e+03 2.042564078393453201e+03 2.047939781764019017e+03 2.052779045413077256e+03 2.057074795029946472e+03 2.060821561671897143e+03 2.064015550798523691e+03 2.066654689571902054e+03 2.068738650917278392e+03 2.070268853251139262e+03 2.071248435293979583e+03 2.071682205979973332e+03 2.071576570135435759e+03 2.070939431297202646e+03 2.069780073752121098e+03 2.068109026568232366e+03 2.065937913024708450e+03 2.063279289399892150e+03 2.060146477516013874e+03 2.056553395740664200e+03 2.052514393289672171e+03 2.048044092651095980e+03 2.043157244750195105e+03 2.037868601103074752e+03 2.032192806672232109e+03 2.026144316458119874e+03 2.019737338061107721e+03 2.012985801557635568e+03 2.005903357086693404e+03
1.967559029174205534e+03 1.977261781498437358e+03 1.986547406684167754e+03 1.995400248932154682e+03 2.003804962314726254e+03 2.011746686866899836e+03 2.019211220171561763e+03 2.026185183000517782e+03 2.032656177443495153e+03 2.038612935808205748e+03 2.044045458427510312e+03 2.048945138386864528e+03 2.053304871108736734e+03 2.057119146720905974e+03 2.060384123209628342e+03 2.063097678529258701e+03 2.065259440114075460e+03 2.066870790616638260e+03 2.067934849174316696e+03 2.068456428069272988e+03 2.068441965278983844e+03 2.067899434090727937e+03 2.066838231646682289e+03 2.065269048966153605e+03 2.063203725626489359e+03 2.060655092843580405e+03 2.057636809147876193e+03 2.054163193177540961e+03 2.050249058287062326e+03 2.045909553683600052e+03 2.041160016648172132e+03 2.036015840075325741e+03 2.030492359081670202e+03 2.024604759806317361e+03 2.018368012777148806e+03 2.011796832373734333e+03 2.004905663012908235e+03
1.963222303424358415e+03 1.972934732974593089e+03 1.982233355952040711e+03 1.991102700619390362e+03 1.999527581520110061e+03 2.007493274945592930e+03 2.014985690044832154e+03 2.021991534247957361e+03 2.028498471545024813e+03 2.034495272008769462e+03 2.039971950794918484e+03 2.044919894717932266e+03 2.049331974405695291e+03 2.053202640004149089e+03 2.056527998449812912e+03 2.059305870467964269e+03 2.061535825695058975e+03 2.063219194667880856e+03 2.064359056864617742e+03 2.064960204513810368e+03 2.065029082489159919e+03 2.064573705259476355e+03 2.063603552537319956e+03 2.062129445938023764e+03 2.060163409592242715e+03 2.057718518219702219e+03 2.054808736640950883e+03 2.051448755052644628e+03 2.047653824599799918e+03 2.043439597831224319e+03 2.038821978514069087e+03 2.033816985009726068e+03 2.028440630982814582e+03 2.022708826641650830e+03 2.016637303012774964e+03 2.010241560959763774e+03 2.003536845798104650e+03
1.958846632516027512e+03 1.968553227792606322e+03 1.977849652025558271e+03 1.986720646517884461e+03 1.995151213764500426e+03 2.003126791808263761e+03 2.010633424421236214e+03 2.017657925899529573e+03 2.024188039128245691e+03 2.030212585415512876e+03 2.035721604430814978e+03 2.040706482433844712e+03 2.045160066867633759e+03 2.049076765334263655e+03 2.052452626990987028e+03 2.055285404513191224e+03 2.057574594977442757e+03 2.059321458326138782e+03 2.060529012482220423e+03 2.061202004678717003e+03 2.061346859138481705e+03 2.060971601863787328e+03 2.060085763948687600e+03 2.058700265481375936e+03 2.056827282729597755e+03 2.054480101869951341e+03 2.051672963003573841e+03 2.048420898571077487e+03 2.044739570517986522e+03 2.040645110653061238e+03 2.036153968576834814e+03 2.031282771334506378e+03 2.026048198571040302e+03 2.020466876448958828e+03 2.014555292949323984e+03 2.008329736437782003e+03 2.001806258568807834e+03
1.954424683342897197e+03 1.964110843977915692e+03 1.973390800237322310e+03 1.982249529451978105e+03 1.990672243804184063e+03 1.998644563090306065e+03 2.006152683533047139e+03 2.013183541553159330e+03 2.019724971275462849e+03 2.025765854381083045e+03 2.031296260744994015e+03 2.036307578135715630e+03 2.040792629123493271e+03 2.044745773264961826e+03 2.048162992624382241e+03 2.051041958768741097e+03 2.053382079546358909e+03 2.055184524230624447e+03 2.056452225980613548e+03 2.057189861030984503e+03 2.057403804561055040e+03 2.057102063788580381e+03 2.056294189464004376e+03 2.054991167579483317e+03 2.053205293725178308e+03 2.050950033094551600e+03 2.048239869632877344e+03 2.045090148213958628e+03 2.041516913997937081e+03 2.037536753252158633e+03 2.033166639897321147e+03 2.028423791869082606e+03 2.023325541064477420e+03 2.017889220182845747e+03 2.012132069189131016e+03 2.006071163445216598e+03 1.999723364799083356e+03
1.949948498385062976e+03 1.959600587528989308e+03 1.968850778824255485e+03 1.977684302877903292e+03 1.986086597887836660e+03 1.994043480321599191e+03 2.001541311919735108e+03 2.008567162056022426e+03 2.015108964348312384e+03 2.021155666245104157e+03 2.026697370131336356e+03 2.031725464321655181e+03 2.036232742161249007e+03 2.040213507353505520e+03 2.043663663598644689e+03 2.046580786673333705e+03 2.048964177218999794e+03 2.050814892741750555e+03 2.052135757659378669e+03 2.052931350654753260e+03 2.053207969098043122e+03 2.052973570865451620e+03 2.052237694487696899e+03 2.051011359182275555e+03 2.049306946932288156e+03 2.047138069343454163e+03 2.044519422512682922e+03 2.041466633551382074e+03 2.037996102703150882e+03 2.034124845161998564e+03 2.029870336722726279e+03 2.025250367274752989e+03 2.020282905886232356e+03 2.014985980825004845e+03 2.009377577341193955e+03 2.003475555413029724e+03 1.997297588957220341e+03
1.945409745912382277e+03 1.955015129671862496e+03 1.964223262565412369e+03 1.973019640370227535e+03 1.981389938674554287e+03 1.989320180964043630e+03 1.996796903367579944e+03 2.003807315214892697e+03 2.010339454416178796e+03 2.016382336500162410e+03 2.021926095957108600e+03 2.026962118345817544e+03 2.031483161458535960e+03 2.035483463715026573e+03 2.038958837895241686e+03 2.041906748334875374e+03 2.044326369811160703e+03 2.046218626544432482e+03 2.047586210035397698e+03 2.048433574844194027e+03 2.048766911884881665e+03 2.048594099342468780e+03 2.047924631898775942e+03 2.046769529554792598e+03 2.045141227934681865e+03 2.043053452523319947e+03 2.040521079798694245e+03 2.037559988647991304e+03 2.034186905780217330e+03 2.030419249051505858e+03 2.026274972689802325e+03 2.021772418337257932e+03 2.016930175621455874e+03 2.011766955626900426e+03 2.006301480178380643e+03 2.000552389285697018e+03 1.994538168457200982e+03
1.940799953060274674e+03 1.950347026970187471e+03 1.959501829393078424e+03 1.968250128332398390e+03 1.976577843754957712e+03 1.984471212551939061e+03 1.991916950563347882e+03 1.998902410932267003e+03 2.005415737910523831e+03 2.011446015059347701e+03 2.016983406591506991e+03 2.022019290402732622e+03 2.026546381159258999e+03 2.030558841664681495e+03 2.034052380641618356e+03 2.037024335047977502e+03 2.039473735116363969e+03 2.041401350466232543e+03 2.042809715894275541e+03 2.043703135796300330e+03 2.044087666604838432e+03 2.043971077127134777e+03 2.043362787219550000e+03 2.042273785814703388e+03 2.040716529902258344e+03 2.038704826627230659e+03 2.036253701185288492e+03 2.033379253638388946e+03 2.030098508124591262e+03 2.026429258175297946e+03 2.022389911968455635e+03 2.017999341330013749e+03 2.013276738146547814e+03 2.008241481573918918e+03 2.002913019030433361e+03 1.997310763463833837e+03 1.991454008799846861e+03
1.936110718002810017e+03 1.945588920612876109e+03 1.954680146419397715e+03 1.963370438510957229e+03 1.971645964505049506e+03 1.979493177824309441e+03 1.986898976517157280e+03 1.993850858994027249e+03 2.000337075904544463e+03 2.006346777200275255e+03 2.011870153224918795e+03 2.016898568465378048e+03 2.021424686401607460e+03 2.025442583729759235e+03 2.028947852120490325e+03 2.031937685628816325e+03 2.034410951906747641e+03 2.036368245494016946e+03 2.037811921679410716e+03 2.038746109734046740e+03 2.039176704711554521e+03 2.039111337476352674e+03 2.038559323143478878e+03 2.037531588671185546e+03 2.036040580917592479e+03 2.034100157030355604e+03 2.031725459558557304e+03 2.028932779134932389e+03 2.025739407952442434e+03 2.022163487533905709e+03 2.018223854453004151e+03 2.013939887700808413e+03 2.009331361300783101e+03 2.004418305559643613e+03 1.999220880009634129e+03 1.993759260663235864e+03 1.988053543682049849e+03
