new_elev.asc
NCOLS 97 
NROWS 88 
xllcorner 902500.0 
yllcorner 148500.0 
cellsize 1000.0 
NODATA_value -9999
[rows 17 to 33 of 88, columns 0 to 36 of 97]
2.430599088200286133e+03 2.425663426260158758e+03 2.413517481228507222e+03 2.413171283122905606e+03 2.422979419223790501e+03 2.443034993996965113e+03 2.464575906923493221e+03 2.512360066462469604e+03 2.542726204992843577e+03 2.603963116067103783e+03 2.660172694918795969e+03 2.712367153095236517e+03 2.804257556151491826e+03 2.853030120288514809e+03 2.919031487484789977e+03 2.951037057576027109e+03 2.970341919972252072e+03 2.986435155588195357e+03 2.993583558684164927e+03 3.006008710736027297e+03 3.027569470709499910e+03 3.041698442059197532e+03 3.063660164326551239e+03 3.073607212202538449e+03 3.082554966109214092e+03 3.079741673132817596e+03 3.072343941091588476e+03 3.053924122996216738e+03 3.038579323763925004e+03 3.003340451343169207e+03 2.973318233721238357e+03 2.944109965613087752e+03 2.888972985307465933e+03 2.856964533005441353e+03 2.806630632562093979e+03 2.765972294817099282e+03 2.732607505895990471e+03
2.490989594583080361e+03 2.475887807751020773e+03 2.444511018886432794e+03 2.430548976612701153e+03 2.421473522340203544e+03 2.432668524771497687e+03 2.439897301391410565e+03 2.467652976659568594e+03 2.491918274676549117e+03 2.538354315746292286e+03 2.589792891441841221e+03 2.636707557660475231e+03 2.723195239831748950e+03 2.773028185770568143e+03 2.843479709813523186e+03 2.880344574223010568e+03 2.906292777797355029e+03 2.936427144451899039e+03 2.956600796837747566e+03 2.993088625736145332e+03 3.025561620975222922e+03 3.057450446301932061e+03 3.107326489063729241e+03 3.131464841321264885e+03 3.152552473066872608e+03 3.146302146050628835e+03 3.130790604040395465e+03 3.097640915299687094e+03 3.066243865668878698e+03 3.021160558273578772e+03 2.975936576270509249e+03 2.937074628994367686e+03 2.871130310618611020e+03 2.834911157547215225e+03 2.772499464055117642e+03 2.725205302677126838e+03 2.685516008564280583e+03
2.569695714509400659e+03 2.543511624622362888e+03 2.499523269184383935e+03 2.473612011924878061e+03 2.450853878558345968e+03 2.440164374536330342e+03 2.443069371933116145e+03 2.453004088967859389e+03 2.468260066737211673e+03 2.502280111755293547e+03 2.539747958256711172e+03 2.581055081199880988e+03 2.657939505174220812e+03 2.701646784485220905e+03 2.765928152045578372e+03 2.807236013059730340e+03 2.835286361270602811e+03 2.874530722290146969e+03 2.900973610997181368e+03 2.951597828668057900e+03 3.001189631118351372e+03 3.048645014599905608e+03 3.118525334295819903e+03 3.155720881263689989e+03 3.186002016848784478e+03 3.181796205050623939e+03 3.165674726977050341e+03 3.115270913250913054e+03 3.080385746837729130e+03 3.017290947719342967e+03 2.969854983688901484e+03 2.922869144208336365e+03 2.843830583601341004e+03 2.794083353362782873e+03 2.724723385964336558e+03 2.672904726605584074e+03 2.636766687760776222e+03
2.636772256257571826e+03 2.609078723492670179e+03 2.558768673052814847e+03 2.532908954620818804e+03 2.497197005604229162e+03 2.490651186210865035e+03 2.485069875622961717e+03 2.484434130519921837e+03 2.493721333600622529e+03 2.517630270628363178e+03 2.547330295980371375e+03 2.576597870575131310e+03 2.636468138636799722e+03 2.669796983021123651e+03 2.722677657813855603e+03 2.757877978783275921e+03 2.777233092778093123e+03 2.815328431059752347e+03 2.836190803652718841e+03 2.885095936969243667e+03 2.941703254746239509e+03 2.990308559589676861e+03 3.075419578386889043e+03 3.118386284520366189e+03 3.158716776871552156e+03 3.157514603358146815e+03 3.138801816601951032e+03 3.087301491332002570e+03 3.052315796310820588e+03 2.990552528927325511e+03 2.932537279116617810e+03 2.884556953460648401e+03 2.801427592617922983e+03 2.752405020602396689e+03 2.675147661654934382e+03 2.628104448149282234e+03 2.590961593220484247e+03
2.711668358539577639e+03 2.687472933192493201e+03 2.636849659725859965e+03 2.607927922718449281e+03 2.575574552978895554e+03 2.561686918985120428e+03 2.553199158774289117e+03 2.546045800274534486e+03 2.548709525000766007e+03 2.559225193819229389e+03 2.578952004805993056e+03 2.595142638355239797e+03 2.635019720018460248e+03 2.656151902191679255e+03 2.688833915941141186e+03 2.706001663240417201e+03 2.715376466539868943e+03 2.735727103795389212e+03 2.750131950277680062e+03 2.786768868805674174e+03 2.841860055949464368e+03 2.896302612197380768e+03 2.990671549722904274e+03 3.039295456655839189e+03 3.086759083908438697e+03 3.088498257621914036e+03 3.073075318023434193e+03 3.030578458520014919e+03 2.992454131519668863e+03 2.931712983322491255e+03 2.880417178865648111e+03 2.829764114318600150e+03 2.743895887085076538e+03 2.691653767065040938e+03 2.621014087984859543e+03 2.576951487280350193e+03 2.547888494155677108e+03
2.770503447836352279e+03 2.746027341900416559e+03 2.696363072021005337e+03 2.670917875005332917e+03 2.638527855996245307e+03 2.620137243453724295e+03 2.615127612314938688e+03 2.607375680937235757e+03 2.606988779448628065e+03 2.608308824690038819e+03 2.612933961003599052e+03 2.622856478136084206e+03 2.637263280156182645e+03 2.648219312581138183e+03 2.666798212176270681e+03 2.673437881020297027e+03 2.670835486105264863e+03 2.670993819820249428e+03 2.679846068319239748e+03 2.705228565808414714e+03 2.757777781826148384e+03 2.816221585206391865e+03 2.912708691462565639e+03 2.969850682352060630e+03 3.022559240453823350e+03 3.028548256220079111e+03 3.015952962885944999e+03 2.971963782202155471e+03 2.943164419889043074e+03 2.889855578909315682e+03 2.836191858773323929e+03 2.786193072039351136e+03 2.700050546320740978e+03 2.650014007596904776e+03 2.583230701882422181e+03 2.543051351757005705e+03 2.516913946303611283e+03
2.860081412796721906e+03 2.836640194849638647e+03 2.796136243749687310e+03 2.770894496721436553e+03 2.737158657428002698e+03 2.722751978786893233e+03 2.715464628114728384e+03 2.709997886260704036e+03 2.706623100175032505e+03 2.695304287166703034e+03 2.684436480988551011e+03 2.678800871788858331e+03 2.668393635805021859e+03 2.665396515089634249e+03 2.649718317246930383e+03 2.632828768347530058e+03 2.617853175963263311e+03 2.591639205251315616e+03 2.579851469362493845e+03 2.591202508819542800e+03 2.638569696647517503e+03 2.697627205827286616e+03 2.800645817819096919e+03 2.857436970138822289e+03 2.919355109549777808e+03 2.931782188841179050e+03 2.923447245702877353e+03 2.897118837448299928e+03 2.872319289122639475e+03 2.823131157130270822e+03 2.773426502303797861e+03 2.726369094306436182e+03 2.641359334051655424e+03 2.595504451545034044e+03 2.533123793119686070e+03 2.499931985542048096e+03 2.482815719856218948e+03
2.918776101123186891e+03 2.899077077393891614e+03 2.854644838252811496e+03 2.835588066889492893e+03 2.800607850184984727e+03 2.787067222995082375e+03 2.784092918133368130e+03 2.776037335099352276e+03 2.775472489409083209e+03 2.765045590340181661e+03 2.746518356595215664e+03 2.733313482299764473e+03 2.705557471799151244e+03 2.691978579573423303e+03 2.662703640233855367e+03 2.635174551241429526e+03 2.606125172031211605e+03 2.563965674998475606e+03 2.542092241440757334e+03 2.544301163852134778e+03 2.588605675053898722e+03 2.641782533189379592e+03 2.747529614444143590e+03 2.808786138659173957e+03 2.871909932927590944e+03 2.888415826754242971e+03 2.886995241543324937e+03 2.868030314434789943e+03 2.848111507069435447e+03 2.806769208989316667e+03 2.760760181449250922e+03 2.714224761793328980e+03 2.626453112319348747e+03 2.578687416174637292e+03 2.517472441200334288e+03 2.487360184792240034e+03 2.471513812815866459e+03
2.960035336090516466e+03 2.936609700035452079e+03 2.889704927336311357e+03 2.864944242679852323e+03 2.835591040136841002e+03 2.825885802194563439e+03 2.821898347061009190e+03 2.824719888019368682e+03 2.823247782074472980e+03 2.814946203280595910e+03 2.799826443134018518e+03 2.783406653925407227e+03 2.749074001403669627e+03 2.728741009755785399e+03 2.690809540672023104e+03 2.657951744405897898e+03 2.624982386009339280e+03 2.569438122697006293e+03 2.546722720946119352e+03 2.544233127998254986e+03 2.583230959414236168e+03 2.636358194867265865e+03 2.740575467308235147e+03 2.802332314095992388e+03 2.867071246581250307e+03 2.882834049735222834e+03 2.887570125768113940e+03 2.872368310002137150e+03 2.858465668147212455e+03 2.818686960454518612e+03 2.774280954216384998e+03 2.726729669605577783e+03 2.644528257473905342e+03 2.593578733608329912e+03 2.527033118697117970e+03 2.498132240896018629e+03 2.483648957258818882e+03
3.012931118689263712e+03 2.986993534227233340e+03 2.937207752069714843e+03 2.908403492614379047e+03 2.881940791310118129e+03 2.878901270005024799e+03 2.884457127344421224e+03 2.907360466349348826e+03 2.916301612741839108e+03 2.919623781993027023e+03 2.899896917775889051e+03 2.884513567424484791e+03 2.843909594004578139e+03 2.814544648905326994e+03 2.774898909870140415e+03 2.728520482723565237e+03 2.691701449391057395e+03 2.627437795885259220e+03 2.596895009260745155e+03 2.583322102072901089e+03 2.619951825363095850e+03 2.664373887982323595e+03 2.763914461181312163e+03 2.817792612779606770e+03 2.884115965046286874e+03 2.907715535224759606e+03 2.918196906899376245e+03 2.914745134009710455e+03 2.907824935832731626e+03 2.878044521424730647e+03 2.833385050328097805e+03 2.786441261869622849e+03 2.698477149729533267e+03 2.650961253924356697e+03 2.581167934140441048e+03 2.548330172751055670e+03 2.528092838556464358e+03
3.039728638120252072e+03 3.009443393292185647e+03 2.957916379608773241e+03 2.927417288067438676e+03 2.901369940187590601e+03 2.902432287927209018e+03 2.917564967374432854e+03 2.954897205175901036e+03 2.968205289143252685e+03 2.979369133133535797e+03 2.967183209745974636e+03 2.949227612943580425e+03 2.906083488869392568e+03 2.881416612831817929e+03 2.835692172984629451e+03 2.788701933293953971e+03 2.746737145771009182e+03 2.675677739818995633e+03 2.643543255835015316e+03 2.623120567321172530e+03 2.652523493307314766e+03 2.696031376082618863e+03 2.791257934708819903e+03 2.842110557741698358e+03 2.905171947040288160e+03 2.934636999592096345e+03 2.946916811405365024e+03 2.956521735569127486e+03 2.947459942284072895e+03 2.927111026231015330e+03 2.885148009624890619e+03 2.838356069165329245e+03 2.749155030290325612e+03 2.693282046010121576e+03 2.622774643929171361e+03 2.583433311834364758e+03 2.565447032150988889e+03
3.076343904235893206e+03 3.040260971929282277e+03 2.982885808455584083e+03 2.948506808271569298e+03 2.922390282242557078e+03 2.936221409250871602e+03 2.962277702664913249e+03 3.017869563381922944e+03 3.051095574590937304e+03 3.074903912616992784e+03 3.067717065262861524e+03 3.054356415523518990e+03 3.015421110437769585e+03 2.987504880323015641e+03 2.941831644596801652e+03 2.893036066939834654e+03 2.847398369587884645e+03 2.771402742950246193e+03 2.731843244131215215e+03 2.706542189537959075e+03 2.726653765407336323e+03 2.762351910325075551e+03 2.844870052996014692e+03 2.894686117039612782e+03 2.952864303547463351e+03 2.984387748007163282e+03 3.000152621628601082e+03 3.021962401289330046e+03 3.022317181484409048e+03 3.007941820735975853e+03 2.967702945150185769e+03 2.920640861826528180e+03 2.831578249839562432e+03 2.773247777188251803e+03 2.698154606327186684e+03 2.654348182030806129e+03 2.627339847467097570e+03
3.094435595773923069e+03 3.060433615618109798e+03 2.993599100451780942e+03 2.965767594520302282e+03 2.938373931813688159e+03 2.958901433049441493e+03 2.988681676313909520e+03 3.057338253912235814e+03 3.094560626170195519e+03 3.127812802465037294e+03 3.129277475245276037e+03 3.119333874245778134e+03 3.091226398607959709e+03 3.065949756766137853e+03 3.022328310578441688e+03 2.972027399114701893e+03 2.925873039724787304e+03 2.840386211229767014e+03 2.801346649214541685e+03 2.763677818448529706e+03 2.781813063019872516e+03 2.814123801969745728e+03 2.885452555067249705e+03 2.930975115360530253e+03 2.987830766545523602e+03 3.018728216843569044e+03 3.038105567230977613e+03 3.061422490942429704e+03 3.066306180099235007e+03 3.056574725410475367e+03 3.014255188423451727e+03 2.971761139797187298e+03 2.879120915235169832e+03 2.825301033504604220e+03 2.747143613946513597e+03 2.697888970797447655e+03 2.667034901081605312e+03
3.106269890861266958e+03 3.066177801741570875e+03 3.004332200071989973e+03 2.971745304473259694e+03 2.950554824324843139e+03 2.967322731559483600e+03 3.004606510551564952e+03 3.073482982427204206e+03 3.115344138049998492e+03 3.155357906494218241e+03 3.163761224086358652e+03 3.159980218773941488e+03 3.145889624549253313e+03 3.126219438378077484e+03 3.088299486033002268e+03 3.040362665459846994e+03 2.989687441634941024e+03 2.898758010419100174e+03 2.852477025615938601e+03 2.810771757681005511e+03 2.822199927124271198e+03 2.855568704980423263e+03 2.920702108618011607e+03 2.962878221543316613e+03 3.014476031256929673e+03 3.043930198768112859e+03 3.064550861692648596e+03 3.089365334836241800e+03 3.098170729963588656e+03 3.083744034135608217e+03 3.045960240039773907e+03 3.004305630341677443e+03 2.911813822432064626e+03 2.858942187266571636e+03 2.780007036215989046e+03 2.732252080522010147e+03 2.695907247685513539e+03
3.111967769119929017e+03 3.077758905310321552e+03 3.015063088925433476e+03 2.984290541240852235e+03 2.958245209212923783e+03 2.982462439057318534e+03 3.017234861004544655e+03 3.089957528085335525e+03 3.135628446334418186e+03 3.185268125006332411e+03 3.211527394386871492e+03 3.227445267952254198e+03 3.240527127643171298e+03 3.242284296383578294e+03 3.221256975375915772e+03 3.175118772918705872e+03 3.116937089174923585e+03 3.017543190908092583e+03 2.965014335905345888e+03 2.909270929718255957e+03 2.911275546468419634e+03 2.935070947756545138e+03 2.990393280020642578e+03 3.022938173127748087e+03 3.066855663965726762e+03 3.089821780430969284e+03 3.108967184494128560e+03 3.136331536742820390e+03 3.143927861565713556e+03 3.132570688609103854e+03 3.094766448126825253e+03 3.052997602758752237e+03 2.968832755516068119e+03 2.919324021214815275e+03 2.839935377168224477e+03 2.788813684738619031e+03 2.752844421976844842e+03
3.105680292253417065e+03 3.073509539713703361e+03 3.011312790125445190e+03 2.984086488628218831e+03 2.964379632590900201e+03 2.988494353299589420e+03 3.019664042455801336e+03 3.091365395507365520e+03 3.133428985164357073e+03 3.194161678851633951e+03 3.235940381507118673e+03 3.263693749620600556e+03 3.308591028808515603e+03 3.322887338891544914e+03 3.320020642177335958e+03 3.277314478120483727e+03 3.219255866117722690e+03 3.109153380715747971e+03 3.050755812053590944e+03 2.990017054681969057e+03 2.986251473006333072e+03 2.999116504758255815e+03 3.043268579698689791e+03 3.073037026685155070e+03 3.112675839377205648e+03 3.131015043124817566e+03 3.145280865184338381e+03 3.169428351573993496e+03 3.176483901906982737e+03 3.163018740549744507e+03 3.126924141294368837e+03 3.088265266069973677e+03 3.009907327166380128e+03 2.960651757563839510e+03 2.880216961852569966e+03 2.829167817371369892e+03 2.793064201476099242e+03
3.091567582080905595e+03 3.065108524274338833e+03 3.004971690986747035e+03 2.979362732874940775e+03 2.958065221318169733e+03 2.981524744158396061e+03 3.015180006849945585e+03 3.082857592442530404e+03 3.127827285945493713e+03 3.192295990391720807e+03 3.239867778475984323e+03 3.281775837878924904e+03 3.344215328950049752e+03 3.373038487945777433e+03 3.378694475028567922e+03 3.337239736394289594e+03 3.283352018716256225e+03 3.169790812114548316e+03 3.103836358788697453e+03 3.037471676347489847e+03 3.027656977634081159e+03 3.041942334155910430e+03 3.081893218106354198e+03 3.109259616419354188e+03 3.142489338856109953e+03 3.157134280825896894e+03 3.169045218669681617e+03 3.189609000489119353e+03 3.192387801396546820e+03 3.180925451623032586e+03 3.143137744099385145e+03 3.107851115673218374e+03 3.030175927916562614e+03 2.977730285003482095e+03 2.902074075815190099e+03 2.854185034754530989e+03 2.816955795349716936e+03
